,1102,1103,1104,1105,1106,1107,1108,1110,1111,1112,1113,1114,1115,1116,1117,1119,1120,1122,1123,1124,1125,1126,1127,1129,1130,1131,1132,1133,1135,1136,1137,1138,1139,1140,1141,1142,1143,1144,1145,1146,1147,1148,1149,1150,1151,1152,1153,1154,1155,1156,1157,1158,1159,1160,1161,1162,1163,1164,1165,1166,1167,1168,1169,1170,1171,1172,1173,1174,1175,1176,1177,1178,1179,1180,1181,1182,1183,1184,1185,1186,1187,1188,1189,1190,1191,1192,1193,1194,1195,1196,1197,1198,1199,1200,1201,1202,1203,1204,1205,1206,1207,1208,1209,1210,1211,1212,1214,1216,1217,1218,1219,1220,1221,1222,1223,1224,1225,1226,1227,1228,1229,1231,1232,1233,1234,1235,1236,1237,1238,1239,1240,1241,1242,1243,1244,1245,1246,1247,1248,1249,1250,1251,1252,1253,1254,1255,1256,1257,1258,1259,1260,1261,1263,1264,1265,1266,1267,1268,1269,1270,1271,1272,1273,1274,1275,1276,1277,1278,1279,1280,1281,1282,1283,1284,1285,1286,1287,1288,1290,1291,1292,1293,1294,1295,1296,1298,1299,1300,1301,1304,1305,1306,1307,1308,1309,1310,1311,1312,1313,1314,1315,1316,1317,1318,1319,1320,1321,1322,1323,1324,1325,1326,1328,1329,1330,1331,1332,1333,1334,1335,1336,1337,1338,1339,1340,1341,1342,1343,1344,1345,1346,1347,1348,1349,1350,1351,1352,1353,1354,1355,1356,1357,1358,1359,1360,1361,1362,1363,1364,1365,1366,1367,1368,1369,1370,1371,1372,1373,1374,1375,1376,1377,1378,1379,1380,1381,1382,1383,1384,1385,1386,1387,1388,1389,1390,1391,1392,1393,1394,1395,1396,1397,1398,1399,1400,1401,1402,1403,1404,1405,1406,1407,1408,1409,1410,1411,1412,1413,1414,1415,1416,1417,1418,1419,1420,1421,1422,1423,1424,1425,1426,1427,1428,1429,1430,1431,1433,1434,1435,1436,1437,1438,1439,1440,1441,1442,1443,1444,1445,1447,1448,1449,1450,1451,1452,1453,1454,1455,1456,1457,1458,1459,1460,1461,1462,1463,1464
adj_def_eff,103.649,95.0743,98.9612,106.133,103.957,103.89,118.029,100.204,109.246,101.217,94.244,98.4021,101.14,101.555,100.839,100.408,93.9604,108.539,101.341,99.7049,102.518,100.874,102.618,101.26,101.263,104.57,100.446,100.693,108.694,114.17,106.087,97.4316,93.6264,92.6399,106.36,106.718,98.6172,102.329,99.4989,110.953,102.922,109.238,111.693,101.56,108.116,111.58,99.6321,105.353,96.4646,92.7341,107.157,107.632,105.403,102.093,107.734,101.35,86.5571,107.125,102.611,99.1071,109.355,108.341,96.2591,113.909,108.518,93.706,93.6967,106.438,113.234,105.826,105.31,100.567,99.5731,95.7628,92.541,104.97,106.465,111.384,104.696,104.837,114.203,104.541,107.055,101.161,98.383,112.541,103.584,112.72,105.066,98.6018,110.125,105.868,89.7283,111.604,103.001,110.161,104.125,112.444,106.896,96.0831,92.7719,97.9646,104.084,93.1801,90.9086,116.315,95.9235,107.719,109.704,100.823,105.102,98.2049,99.7632,98.1508,113.433,110.354,103.056,104.677,102.092,87.3285,95.7094,102.756,105.507,98.1813,99.8382,97.7815,106.39,104.266,104.519,103.89,107.874,103.388,91.6765,94.4566,112.77,99.49,92.0341,100.115,111.855,103.913,102.398,107.642,104.688,104.38,106.916,112.172,100.839,83.84899999999998,107.351,107.295,105.028,95.8662,110.434,99.5135,101.614,96.076,105.728,95.4167,102.539,99.5624,116.521,81.3187,109.222,95.8537,95.7578,97.5173,89.9494,91.8263,103.824,95.9223,91.046,109.932,101.767,112.494,104.088,106.443,102.325,98.5712,112.318,99.3838,104.236,100.074,106.034,101.211,106.53,103.558,104.567,114.21,103.159,91.0298,99.0951,105.283,96.7668,105.606,102.712,98.2764,101.893,106.336,111.025,94.0872,0.0,108.995,107.709,99.3677,107.721,100.806,98.6309,107.564,100.097,107.391,102.163,97.2667,94.6403,97.2997,99.5915,94.7513,103.468,100.367,103.421,105.484,99.7014,105.339,92.002,101.26,104.084,105.588,100.882,103.736,100.516,88.2115,107.623,101.791,101.455,106.02,101.534,105.934,99.9183,96.9997,106.331,108.546,100.892,105.614,103.363,108.374,97.6602,93.3221,110.575,103.699,99.4531,98.9725,101.265,104.359,103.003,116.538,0.0,100.098,90.9171,98.4844,104.668,103.808,95.8102,0.0,98.8631,104.581,110.632,107.05,100.475,109.309,113.269,98.3914,98.6746,99.6802,97.4637,102.644,98.0584,103.823,100.221,95.2698,99.289,99.6654,94.9885,98.2193,111.193,104.06,92.1925,97.6525,105.905,102.307,103.981,105.483,109.002,109.439,99.1083,93.1195,112.008,111.421,95.817,109.601,108.009,101.779,103.064,94.8599,105.007,109.746,110.174,110.085,111.956,113.598,94.7334,91.7696,106.903,103.915,91.91,101.747,105.633,95.719,96.5255,104.501,97.281,99.6596,91.9303,97.2184,97.6141,108.361,107.097,110.233,102.838,105.229,107.46,107.538,91.0587,90.8054,89.8119,98.5793,89.6619,102.264,103.132,98.9991,102.312,102.159,95.8886,110.971,93.2857,103.688,92.0625,101.954,106.42
adj_eff,-5.20376,6.9826,6.63599,-20.4043,-2.01623,-7.16505,-26.1513,4.50143,-8.283339999999999,16.0133,23.4381,1.17169,-13.5004,3.14695,-5.3594,-12.5727,12.1939,-1.98079,-6.4569,14.6313,3.18731,-11.7497,-0.871417,1.47328,12.1159,-0.696231,1.31431,4.23531,-13.8117,-20.5953,-13.1418,4.36264,16.1506,21.6562,-7.6699899999999985,-9.33172,18.2213,-6.81464,-6.04845,-17.1032,-7.33142,-11.9211,-15.422,1.73046,-3.84568,-5.97238,8.66044,-3.04222,20.2938,11.7042,-11.3665,0.889763,-15.1533,-1.33859,-0.932145,-10.8627,28.0401,-9.14368,5.49712,12.6959,-9.59581,-3.06425,5.11477,-24.4992,-16.0853,11.7325,9.41849,-4.38778,-16.504,-3.54998,-3.69149,-9.45248,2.01446,2.25464,25.3284,8.832239999999997,-9.5434,0.603726,-14.9587,-7.359380000000002,-4.00261,-13.7829,-12.6241,5.0940699999999985,4.23639,-21.5239,-0.730267,-11.7277,-13.3866,16.1061,-19.8694,-9.02721,15.9569,-18.9216,-3.5591800000000005,-19.3285,-2.2715,-14.8601,-5.64701,7.40753,16.82,-2.90963,-6.07705,6.881639999999999,25.9534,-26.8975,-10.0003,-16.1153,-7.78978,-3.90841,-14.503,-1.0658299999999998,-1.47411,11.9803,-18.0416,-19.8625,0.73957,-2.1305400000000003,3.1447,19.0963,12.7593,-4.16299,-3.10105,-2.64017,8.2476,4.23733,-4.37245,-0.806524,-6.8792300000000015,4.00432,-8.147160000000001,1.80122,23.1309,14.6783,-23.6557,3.38303,14.5319,5.2044,-17.2076,-3.92985,-8.89361,-2.04254,0.197695,-0.252927,-6.70625,-15.6573,0.219524,25.3676,-18.4756,-4.96243,-5.56918,14.7097,-13.2678,-2.37122,-7.582489999999999,20.9824,1.03751,13.2883,2.12474,-5.85902,-27.8187,29.4398,-4.65646,15.3593,7.46484,14.4984,22.7829,15.7592,7.27273,11.8111,23.484,-10.8785,-2.51605,-19.0799,-0.298523,-5.76156,-0.017075,1.41474,-18.6449,1.89355,-0.239066,2.45275,-2.92079,12.4256,-12.2401,-5.30055,-13.3597,-28.8786,9.92831,12.0385,6.36988,-8.63802,15.4413,3.54822,-11.3912,11.0972,-0.37878,-35.2087,-13.8739,28.5574,0.0,-20.2101,0.826715,6.38518,-6.0886,9.85203,12.2229,-16.1416,15.3787,6.25785,-0.679194,16.4647,23.2882,17.7655,4.742380000000002,7.78052,0.4098890000000001,3.00847,5.2542,-9.89936,10.5882,-12.7971,29.4777,5.39933,4.85027,-11.4665,-7.5555,-8.7383,10.6131,21.9637,-10.791,-0.465293,11.8812,-5.92966,4.99861,-0.582382,1.5095,1.00869,-10.2201,-4.01952,1.12921,-2.1203,3.6515,-7.47461,0.36871,16.4968,-6.6536,-2.3866,0.0362603,2.4823,-15.7982,-11.5555,-2.9287,-22.0533,0.0,10.1542,6.73718,11.6737,-3.25086,-1.4453200000000002,11.9487,0.0,2.23614,1.87461,-19.6588,-5.33144,-2.30242,-13.7336,-19.26,3.93178,6.51897,1.64788,12.8036,-9.45968,13.5622,-8.1652,-2.50581,21.693,0.279812,3.66415,14.3226,16.5817,-10.1384,-6.662539999999999,18.5075,14.3716,-3.7965,6.556539999999999,3.6299,-13.3527,-8.45918,-1.4252,-0.6670659999999999,13.3389,-18.5823,-18.3608,13.8991,-4.6707800000000015,-4.18623,-4.50096,2.49942,25.1136,-8.11487,-13.0873,-8.64535,-8.43363,-18.9941,-15.0739,12.0121,17.6587,2.08167,-2.23331,19.0381,15.293,-1.88277,10.3485,12.7601,-5.18008,10.0034,8.50875,21.7081,5.9132,12.4344,-0.186629,-6.7062,-13.2282,7.0309300000000015,-7.24208,-23.9228,-10.3692,20.299,21.9358,15.11,4.87867,25.031,10.7959,1.05687,2.90193,-6.59145,-10.4814,17.9651,-5.24766,7.02957,3.71208,19.0951,-7.04599,-5.07435
adj_off_eff,98.4447,102.057,105.597,85.729,101.941,96.7247,91.878,104.705,100.963,117.23,117.682,99.5738,87.64,104.702,95.4796,87.8349,106.154,106.558,94.8846,114.336,105.705,89.1245,101.747,102.734,113.378,103.873,101.761,104.929,94.8823,93.575,92.9454,101.794,109.777,114.296,98.69,97.386,116.839,95.5141,93.4504,93.8501,95.5902,97.3173,96.2707,103.291,104.271,105.608,108.292,102.31,116.758,104.438,95.7909,108.522,90.2502,100.754,106.802,90.4868,114.597,97.9809,108.108,111.803,99.7587,105.277,101.374,89.4098,92.4331,105.438,103.115,102.051,96.7302,102.276,101.619,91.1143,101.588,98.0174,117.869,113.802,96.9213,111.988,89.7372,97.478,110.2,90.7581,94.4309,106.255,102.619,91.0168,102.854,100.992,91.6794,114.708,90.2555,96.8406,105.685,92.6824,99.4418,90.8326,101.854,97.5843,101.249,103.491,109.592,95.055,98.0067,100.062,116.862,89.4174,85.9231,91.6041,101.914,96.9146,90.5988,97.1391,98.2891,110.131,95.3911,90.4917,103.796,102.546,105.236,106.425,108.469,98.5931,102.406,95.5411,108.086,102.019,102.017,103.459,97.6398,107.895,99.7271,105.19,114.807,109.135,89.1141,102.873,106.566,105.32,94.6477,99.9828,93.5048,105.599,104.886,104.127,100.21,96.5144,101.059,109.217,88.8754,102.332,99.4584,110.576,97.1663,97.1423,94.031,117.058,106.765,108.705,104.664,93.7034,88.7023,110.759,104.566,111.213,103.223,112.016,112.732,107.586,111.096,107.733,114.53,99.0531,99.2512,93.4141,103.789,100.682,102.308,99.986,93.6731,101.277,103.997,102.527,103.113,113.637,94.2897,98.2577,91.2077,85.3316,113.087,103.068,105.465,96.6448,112.208,109.154,91.3205,109.374,101.514,71.1271,97.1514,122.645,0.0,88.785,108.536,105.753,101.633,110.659,110.854,91.4226,115.476,113.649,101.484,113.731,117.928,115.065,104.334,102.532,103.877,103.375,108.675,95.5844,110.29,92.5415,121.48,106.66,108.934,94.1212,93.3266,94.9973,111.129,110.175,96.8318,101.326,113.336,100.09,106.532,105.352,101.428,98.0084,96.1108,104.527,102.021,103.494,107.015,100.9,98.0289,109.819,103.921,101.312,99.4894,101.455,85.4665,92.8036,100.074,94.4852,0.0,110.252,97.6543,110.158,101.417,102.363,107.759,0.0,101.099,106.456,90.973,101.719,98.1725,95.5755,94.0092,102.323,105.194,101.328,110.267,93.184,111.621,95.6574,97.7153,116.963,99.5689,103.33,109.311,114.801,101.055,97.3977,110.7,112.024,102.109,108.863,107.611,92.13,100.542,108.014,98.4412,106.458,93.4253,93.0606,109.716,104.93,103.823,97.2784,105.564,119.973,96.8923,96.6582,101.529,101.651,92.9615,98.5244,106.746,109.428,108.985,101.682,110.948,117.04,103.751,106.067,109.286,99.3211,107.284,108.168,113.638,103.132,110.049,108.174,100.39,97.0051,109.869,97.987,83.5374,97.1686,111.358,112.741,104.922,103.458,114.693,113.06,104.189,101.901,95.7203,91.678,113.854,105.724,100.315,107.4,111.158,94.9077,101.345
ast,345.0,412.0,335.0,256.0,406.0,367.0,297.0,405.0,380.0,462.0,515.0,404.0,339.0,390.0,364.0,396.0,446.0,429.0,333.0,380.0,509.0,271.0,360.0,471.0,490.0,380.0,365.0,391.0,373.0,351.0,338.0,395.0,383.0,507.0,306.0,300.0,497.0,434.0,375.0,241.0,372.0,390.0,315.0,422.0,423.0,469.0,466.0,338.0,464.0,430.0,382.0,460.0,310.0,348.0,328.0,324.0,477.0,298.0,447.0,461.0,307.0,398.0,409.0,298.0,253.0,446.0,464.0,419.0,296.0,422.0,373.0,299.0,348.0,323.0,455.0,552.0,344.0,439.0,325.0,333.0,378.0,254.0,379.0,397.0,423.0,335.0,427.0,391.0,407.0,551.0,333.0,371.0,417.0,303.0,482.0,318.0,354.0,331.0,427.0,371.0,410.0,417.0,336.0,462.0,450.0,325.0,332.0,425.0,329.0,388.0,316.0,353.0,450.0,394.0,337.0,314.0,401.0,386.0,376.0,581.0,440.0,346.0,369.0,375.0,375.0,454.0,308.0,345.0,452.0,409.0,382.0,393.0,519.0,434.0,306.0,389.0,516.0,403.0,396.0,334.0,342.0,431.0,466.0,431.0,339.0,410.0,337.0,547.0,306.0,369.0,372.0,503.0,358.0,298.0,355.0,511.0,361.0,484.0,410.0,312.0,290.0,470.0,375.0,359.0,370.0,498.0,509.0,436.0,362.0,425.0,622.0,340.0,352.0,434.0,341.0,333.0,397.0,370.0,359.0,400.0,362.0,364.0,381.0,439.0,357.0,378.0,338.0,338.0,458.0,398.0,370.0,303.0,492.0,457.0,272.0,482.0,404.0,275.0,318.0,564.0,192.0,311.0,374.0,341.0,362.0,403.0,457.0,356.0,549.0,486.0,436.0,425.0,459.0,415.0,480.0,379.0,372.0,358.0,416.0,402.0,424.0,305.0,555.0,475.0,470.0,359.0,305.0,288.0,476.0,514.0,379.0,402.0,518.0,443.0,382.0,405.0,520.0,355.0,348.0,358.0,380.0,520.0,447.0,406.0,331.0,401.0,348.0,341.0,380.0,387.0,263.0,377.0,350.0,320.0,281.0,398.0,336.0,504.0,313.0,428.0,334.0,219.0,385.0,300.0,302.0,391.0,442.0,376.0,391.0,393.0,472.0,368.0,397.0,297.0,466.0,281.0,278.0,618.0,370.0,367.0,514.0,538.0,388.0,366.0,428.0,390.0,380.0,469.0,405.0,334.0,442.0,423.0,393.0,371.0,330.0,378.0,423.0,498.0,389.0,350.0,450.0,518.0,278.0,285.0,399.0,437.0,300.0,446.0,424.0,409.0,399.0,320.0,428.0,537.0,338.0,423.0,455.0,359.0,389.0,486.0,490.0,348.0,418.0,472.0,345.0,342.0,418.0,338.0,262.0,417.0,395.0,432.0,400.0,355.0,520.0,437.0,352.0,425.0,386.0,315.0,378.0,379.0,373.0,368.0,431.0,344.0,353.0
blk,63.0,77.0,140.0,83.0,138.0,63.0,48.0,78.0,100.0,98.0,69.0,108.0,84.0,86.0,103.0,75.0,109.0,97.0,63.0,118.0,78.0,78.0,125.0,105.0,144.0,97.0,109.0,113.0,84.0,71.0,75.0,88.0,97.0,113.0,79.0,80.0,64.0,72.0,141.0,71.0,82.0,82.0,76.0,103.0,71.0,118.0,103.0,47.0,180.0,105.0,76.0,146.0,99.0,50.0,72.0,54.0,248.0,45.0,114.0,132.0,66.0,110.0,76.0,46.0,117.0,102.0,116.0,91.0,115.0,63.0,102.0,84.0,72.0,111.0,139.0,108.0,50.0,50.0,101.0,63.0,80.0,73.0,96.0,119.0,36.0,130.0,118.0,104.0,89.0,91.0,66.0,86.0,198.0,80.0,161.0,83.0,128.0,69.0,49.0,100.0,120.0,122.0,75.0,154.0,150.0,76.0,119.0,54.0,94.0,114.0,117.0,164.0,102.0,136.0,76.0,100.0,99.0,114.0,100.0,119.0,94.0,63.0,86.0,91.0,68.0,110.0,90.0,93.0,91.0,115.0,57.0,73.0,137.0,91.0,96.0,87.0,226.0,114.0,72.0,114.0,70.0,42.0,65.0,78.0,61.0,66.0,103.0,204.0,55.0,107.0,112.0,200.0,90.0,108.0,88.0,98.0,58.0,141.0,159.0,158.0,48.0,210.0,101.0,112.0,90.0,83.0,91.0,195.0,101.0,250.0,131.0,55.0,69.0,84.0,105.0,99.0,127.0,103.0,52.0,115.0,45.0,59.0,49.0,94.0,91.0,75.0,134.0,82.0,114.0,51.0,147.0,78.0,105.0,122.0,52.0,162.0,35.0,93.0,111.0,164.0,35.0,71.0,85.0,78.0,58.0,80.0,89.0,138.0,83.0,155.0,59.0,168.0,143.0,81.0,109.0,93.0,96.0,55.0,55.0,85.0,55.0,91.0,118.0,71.0,89.0,70.0,87.0,76.0,115.0,164.0,77.0,127.0,110.0,70.0,106.0,113.0,114.0,189.0,82.0,48.0,72.0,118.0,56.0,32.0,110.0,78.0,63.0,79.0,76.0,148.0,53.0,128.0,116.0,94.0,53.0,103.0,83.0,155.0,104.0,170.0,150.0,66.0,84.0,53.0,69.0,26.0,142.0,128.0,56.0,115.0,119.0,77.0,144.0,124.0,72.0,96.0,72.0,173.0,113.0,33.0,137.0,123.0,103.0,150.0,183.0,124.0,68.0,91.0,83.0,97.0,156.0,108.0,97.0,160.0,34.0,74.0,67.0,70.0,56.0,49.0,85.0,106.0,125.0,82.0,74.0,110.0,104.0,37.0,121.0,154.0,65.0,55.0,158.0,83.0,69.0,132.0,151.0,50.0,137.0,156.0,106.0,112.0,147.0,79.0,77.0,50.0,100.0,97.0,77.0,96.0,163.0,93.0,138.0,106.0,155.0,79.0,93.0,105.0,67.0,114.0,82.0,43.0,79.0,103.0,164.0,82.0,98.0
dr,606.0,726.0,772.0,535.0,717.0,781.0,596.0,727.0,770.0,728.0,756.0,744.0,733.0,748.0,688.0,639.0,784.0,692.0,738.0,773.0,734.0,675.0,703.0,721.0,757.0,694.0,725.0,691.0,679.0,578.0,804.0,743.0,717.0,842.0,618.0,634.0,759.0,676.0,780.0,554.0,631.0,638.0,642.0,699.0,836.0,710.0,748.0,696.0,704.0,707.0,640.0,815.0,672.0,623.0,649.0,648.0,884.0,632.0,727.0,750.0,572.0,671.0,697.0,582.0,578.0,824.0,799.0,760.0,569.0,594.0,717.0,597.0,727.0,714.0,792.0,740.0,647.0,526.0,650.0,621.0,624.0,508.0,637.0,836.0,684.0,617.0,732.0,712.0,701.0,766.0,655.0,703.0,825.0,549.0,787.0,572.0,669.0,633.0,655.0,786.0,689.0,799.0,645.0,807.0,825.0,610.0,691.0,728.0,576.0,647.0,647.0,795.0,715.0,784.0,621.0,681.0,630.0,685.0,726.0,783.0,842.0,618.0,676.0,694.0,678.0,829.0,629.0,553.0,778.0,720.0,563.0,806.0,858.0,713.0,503.0,746.0,870.0,782.0,669.0,633.0,794.0,703.0,810.0,691.0,775.0,564.0,710.0,839.0,622.0,696.0,656.0,852.0,656.0,717.0,848.0,775.0,584.0,774.0,697.0,708.0,631.0,879.0,783.0,730.0,665.0,680.0,798.0,680.0,752.0,916.0,814.0,654.0,666.0,679.0,634.0,680.0,794.0,782.0,662.0,730.0,681.0,628.0,694.0,734.0,650.0,805.0,692.0,562.0,735.0,618.0,766.0,668.0,774.0,754.0,641.0,814.0,558.0,698.0,689.0,847.0,316.0,604.0,760.0,627.0,521.0,820.0,596.0,679.0,853.0,737.0,693.0,730.0,866.0,838.0,721.0,710.0,597.0,588.0,667.0,648.0,753.0,685.0,768.0,712.0,676.0,675.0,674.0,588.0,766.0,835.0,713.0,845.0,753.0,729.0,679.0,761.0,788.0,792.0,704.0,695.0,639.0,716.0,623.0,594.0,627.0,665.0,601.0,632.0,657.0,783.0,521.0,677.0,629.0,668.0,405.0,685.0,670.0,786.0,669.0,810.0,677.0,316.0,713.0,662.0,693.0,609.0,799.0,672.0,621.0,756.0,775.0,701.0,757.0,622.0,656.0,651.0,669.0,912.0,701.0,653.0,852.0,814.0,640.0,648.0,814.0,783.0,620.0,797.0,654.0,681.0,768.0,739.0,647.0,872.0,489.0,657.0,813.0,750.0,655.0,634.0,683.0,711.0,608.0,640.0,700.0,637.0,647.0,724.0,709.0,796.0,674.0,658.0,867.0,788.0,642.0,791.0,769.0,596.0,810.0,760.0,832.0,670.0,808.0,581.0,604.0,522.0,744.0,733.0,579.0,696.0,849.0,853.0,783.0,729.0,786.0,665.0,775.0,722.0,669.0,655.0,659.0,625.0,725.0,796.0,877.0,617.0,627.0
fga,1278.0,1845.0,1783.0,1375.0,1593.0,1713.0,1703.0,1552.0,1705.0,1730.0,1630.0,1589.0,1768.0,1821.0,1564.0,1533.0,1879.0,1698.0,1572.0,1866.0,1842.0,1544.0,1655.0,1713.0,1945.0,1646.0,1609.0,1638.0,1406.0,1479.0,1766.0,1804.0,1493.0,1759.0,1628.0,1591.0,1789.0,1616.0,1747.0,1316.0,1722.0,1606.0,1510.0,1832.0,1801.0,1939.0,1869.0,1569.0,1906.0,1733.0,1538.0,2027.0,1466.0,1436.0,1656.0,1489.0,1806.0,1713.0,1606.0,1816.0,1644.0,1823.0,1685.0,1433.0,1500.0,1999.0,1846.0,1778.0,1505.0,1339.0,1920.0,1418.0,1533.0,1635.0,2016.0,1916.0,1467.0,1504.0,1517.0,1580.0,1495.0,1286.0,1581.0,1907.0,1514.0,1614.0,1756.0,1777.0,1608.0,1967.0,1724.0,1629.0,1840.0,1626.0,1832.0,1487.0,1484.0,1717.0,1650.0,1752.0,1534.0,1842.0,1588.0,1868.0,1755.0,1488.0,1639.0,1754.0,1328.0,1554.0,1525.0,1799.0,1727.0,2011.0,1714.0,1576.0,1508.0,1586.0,1702.0,1802.0,1817.0,1481.0,1594.0,1541.0,1469.0,1732.0,1505.0,1359.0,1853.0,1784.0,1463.0,1769.0,1809.0,1865.0,1579.0,1824.0,1787.0,1766.0,1628.0,1447.0,1632.0,1649.0,1658.0,1671.0,1718.0,1719.0,1602.0,1961.0,1673.0,1843.0,1740.0,1974.0,1522.0,1635.0,1826.0,1916.0,1572.0,2054.0,1700.0,1477.0,1579.0,1995.0,1827.0,1673.0,1512.0,1749.0,1785.0,1651.0,1830.0,1940.0,2120.0,1742.0,1597.0,1642.0,1412.0,1635.0,1744.0,1904.0,1850.0,1780.0,1740.0,1566.0,1580.0,1736.0,1608.0,1740.0,1657.0,1663.0,1626.0,1514.0,1813.0,1605.0,1719.0,1859.0,1489.0,2083.0,1310.0,1602.0,1768.0,2045.0,750.0,1513.0,1787.0,1470.0,1280.0,1638.0,1516.0,1727.0,2051.0,1842.0,1634.0,1558.0,1785.0,1952.0,1724.0,1689.0,1751.0,1387.0,1516.0,1520.0,1768.0,1730.0,1878.0,1671.0,1791.0,1681.0,1435.0,1222.0,1954.0,1890.0,1757.0,1653.0,1958.0,1690.0,1758.0,1804.0,1798.0,1748.0,1480.0,1724.0,1533.0,1772.0,1479.0,1361.0,1534.0,1677.0,1493.0,1544.0,1548.0,1569.0,1258.0,1606.0,1442.0,1633.0,1193.0,1880.0,1487.0,2016.0,1573.0,1703.0,1930.0,727.0,1660.0,1587.0,1574.0,1403.0,1709.0,1630.0,1450.0,1864.0,1722.0,1560.0,1708.0,1559.0,1758.0,1704.0,1590.0,2045.0,1647.0,1527.0,1857.0,2049.0,1579.0,1684.0,1956.0,1716.0,1613.0,1871.0,1799.0,1580.0,1930.0,1821.0,1638.0,1711.0,1177.0,1673.0,1872.0,1720.0,1658.0,1491.0,1683.0,1874.0,1641.0,1572.0,1728.0,1597.0,1588.0,1953.0,1716.0,1735.0,1578.0,1681.0,1609.0,1714.0,1328.0,1848.0,1829.0,1481.0,1642.0,1715.0,1877.0,1682.0,1799.0,1958.0,1724.0,1365.0,1748.0,1611.0,1523.0,1607.0,1799.0,2007.0,1596.0,1449.0,2018.0,1671.0,1727.0,1659.0,1530.0,1649.0,1576.0,1538.0,1644.0,1532.0,1682.0,1376.0,1556.0
fga3,510.0,735.0,439.0,403.0,502.0,442.0,531.0,584.0,607.0,501.0,729.0,445.0,431.0,608.0,417.0,427.0,739.0,562.0,395.0,741.0,877.0,443.0,547.0,546.0,626.0,740.0,522.0,578.0,514.0,629.0,618.0,489.0,675.0,595.0,536.0,560.0,468.0,481.0,544.0,409.0,673.0,396.0,526.0,707.0,744.0,680.0,702.0,555.0,662.0,491.0,563.0,745.0,467.0,484.0,523.0,435.0,424.0,520.0,532.0,686.0,582.0,733.0,567.0,424.0,414.0,785.0,550.0,696.0,516.0,645.0,635.0,339.0,696.0,484.0,705.0,795.0,388.0,702.0,468.0,492.0,623.0,427.0,502.0,556.0,289.0,438.0,601.0,532.0,489.0,734.0,654.0,529.0,618.0,569.0,701.0,491.0,450.0,598.0,623.0,513.0,551.0,597.0,522.0,492.0,557.0,498.0,580.0,832.0,453.0,374.0,501.0,550.0,468.0,571.0,697.0,532.0,478.0,379.0,530.0,519.0,750.0,481.0,683.0,524.0,709.0,683.0,456.0,399.0,503.0,551.0,417.0,642.0,545.0,584.0,606.0,541.0,534.0,501.0,737.0,418.0,497.0,756.0,547.0,616.0,566.0,627.0,474.0,738.0,531.0,593.0,492.0,536.0,521.0,489.0,669.0,667.0,564.0,574.0,694.0,411.0,490.0,619.0,684.0,612.0,482.0,835.0,468.0,539.0,633.0,776.0,671.0,579.0,607.0,585.0,439.0,563.0,498.0,496.0,609.0,460.0,467.0,461.0,545.0,525.0,511.0,657.0,579.0,529.0,538.0,547.0,508.0,710.0,594.0,555.0,348.0,814.0,540.0,561.0,481.0,566.0,317.0,393.0,575.0,492.0,425.0,606.0,638.0,508.0,709.0,643.0,573.0,551.0,618.0,802.0,454.0,510.0,662.0,494.0,574.0,528.0,676.0,502.0,538.0,591.0,793.0,506.0,525.0,471.0,681.0,650.0,438.0,397.0,516.0,570.0,643.0,612.0,556.0,565.0,406.0,591.0,492.0,611.0,569.0,680.0,426.0,531.0,551.0,367.0,468.0,506.0,320.0,516.0,433.0,447.0,307.0,595.0,470.0,510.0,495.0,386.0,569.0,289.0,528.0,320.0,468.0,351.0,428.0,723.0,514.0,453.0,485.0,487.0,587.0,429.0,593.0,700.0,479.0,659.0,528.0,539.0,686.0,695.0,407.0,525.0,474.0,528.0,546.0,605.0,661.0,484.0,685.0,686.0,436.0,522.0,352.0,382.0,656.0,674.0,534.0,455.0,608.0,620.0,624.0,506.0,358.0,549.0,530.0,808.0,675.0,377.0,532.0,675.0,611.0,534.0,464.0,527.0,586.0,587.0,561.0,464.0,593.0,494.0,568.0,1065.0,607.0,391.0,654.0,636.0,451.0,576.0,381.0,412.0,510.0,589.0,683.0,607.0,714.0,550.0,630.0,471.0,545.0,500.0,582.0,524.0,551.0,322.0,446.0
fgm,556.0,768.0,779.0,535.0,741.0,715.0,673.0,724.0,763.0,821.0,785.0,711.0,709.0,797.0,658.0,644.0,825.0,791.0,646.0,851.0,816.0,605.0,721.0,802.0,867.0,698.0,686.0,711.0,599.0,581.0,679.0,751.0,653.0,857.0,680.0,645.0,867.0,687.0,714.0,501.0,694.0,719.0,638.0,752.0,792.0,880.0,792.0,702.0,891.0,737.0,669.0,951.0,590.0,652.0,710.0,602.0,849.0,697.0,759.0,810.0,646.0,784.0,768.0,574.0,605.0,869.0,790.0,735.0,635.0,642.0,780.0,590.0,637.0,609.0,904.0,899.0,646.0,703.0,594.0,659.0,651.0,528.0,678.0,884.0,678.0,675.0,739.0,736.0,650.0,935.0,669.0,678.0,800.0,617.0,803.0,597.0,651.0,737.0,702.0,785.0,715.0,759.0,660.0,815.0,856.0,603.0,611.0,695.0,613.0,659.0,627.0,705.0,742.0,858.0,692.0,660.0,693.0,734.0,696.0,828.0,808.0,629.0,652.0,637.0,650.0,748.0,651.0,636.0,806.0,801.0,624.0,794.0,866.0,806.0,597.0,794.0,859.0,779.0,655.0,608.0,629.0,727.0,773.0,755.0,701.0,716.0,703.0,884.0,588.0,719.0,705.0,881.0,637.0,653.0,739.0,874.0,675.0,866.0,733.0,618.0,588.0,884.0,782.0,713.0,658.0,742.0,812.0,732.0,792.0,836.0,1000.0,702.0,641.0,673.0,639.0,679.0,759.0,810.0,710.0,806.0,773.0,690.0,725.0,838.0,679.0,717.0,689.0,619.0,773.0,665.0,769.0,609.0,793.0,865.0,645.0,868.0,607.0,548.0,764.0,972.0,332.0,603.0,771.0,636.0,611.0,746.0,675.0,676.0,897.0,881.0,709.0,754.0,872.0,892.0,768.0,745.0,702.0,633.0,701.0,633.0,777.0,661.0,907.0,775.0,810.0,698.0,608.0,523.0,885.0,844.0,758.0,769.0,941.0,717.0,803.0,806.0,855.0,725.0,658.0,757.0,642.0,857.0,650.0,628.0,658.0,748.0,635.0,685.0,692.0,718.0,496.0,650.0,651.0,696.0,541.0,820.0,645.0,954.0,676.0,799.0,870.0,344.0,663.0,683.0,641.0,646.0,773.0,677.0,618.0,793.0,757.0,672.0,752.0,618.0,802.0,653.0,651.0,997.0,688.0,646.0,827.0,933.0,718.0,734.0,865.0,766.0,705.0,829.0,797.0,663.0,776.0,842.0,688.0,772.0,520.0,764.0,854.0,793.0,708.0,633.0,741.0,926.0,671.0,621.0,744.0,702.0,628.0,809.0,728.0,822.0,739.0,695.0,768.0,852.0,616.0,769.0,846.0,607.0,740.0,825.0,857.0,701.0,784.0,838.0,748.0,588.0,787.0,634.0,583.0,717.0,880.0,922.0,694.0,690.0,868.0,753.0,676.0,723.0,625.0,669.0,697.0,696.0,673.0,702.0,779.0,609.0,636.0
fgm3,189.0,242.0,145.0,108.0,165.0,130.0,179.0,220.0,224.0,198.0,267.0,159.0,124.0,202.0,131.0,144.0,242.0,206.0,134.0,263.0,307.0,124.0,181.0,190.0,211.0,267.0,184.0,184.0,163.0,207.0,212.0,167.0,238.0,226.0,180.0,189.0,203.0,166.0,156.0,128.0,232.0,125.0,169.0,216.0,260.0,230.0,233.0,192.0,251.0,152.0,186.0,279.0,148.0,169.0,185.0,138.0,147.0,175.0,217.0,263.0,185.0,249.0,204.0,153.0,139.0,276.0,182.0,231.0,177.0,243.0,188.0,95.0,242.0,142.0,246.0,279.0,139.0,285.0,140.0,157.0,238.0,142.0,175.0,190.0,94.0,123.0,200.0,173.0,165.0,270.0,210.0,189.0,212.0,169.0,244.0,152.0,163.0,204.0,217.0,170.0,182.0,204.0,166.0,159.0,222.0,161.0,153.0,258.0,164.0,106.0,151.0,174.0,147.0,187.0,225.0,169.0,172.0,127.0,192.0,183.0,286.0,160.0,241.0,174.0,258.0,236.0,186.0,137.0,135.0,195.0,157.0,229.0,207.0,210.0,190.0,178.0,185.0,168.0,232.0,125.0,159.0,265.0,197.0,203.0,192.0,200.0,177.0,266.0,150.0,187.0,156.0,198.0,173.0,154.0,241.0,233.0,176.0,190.0,250.0,134.0,152.0,198.0,227.0,226.0,160.0,277.0,165.0,178.0,215.0,280.0,240.0,175.0,193.0,196.0,167.0,181.0,163.0,169.0,197.0,154.0,142.0,144.0,222.0,211.0,176.0,216.0,196.0,160.0,202.0,199.0,152.0,228.0,226.0,222.0,101.0,253.0,193.0,139.0,160.0,211.0,112.0,130.0,204.0,165.0,151.0,210.0,246.0,142.0,285.0,239.0,208.0,209.0,221.0,308.0,150.0,157.0,237.0,171.0,228.0,166.0,246.0,154.0,192.0,247.0,300.0,159.0,165.0,176.0,219.0,228.0,139.0,138.0,205.0,218.0,212.0,218.0,221.0,167.0,128.0,200.0,186.0,241.0,209.0,240.0,143.0,188.0,195.0,109.0,157.0,176.0,102.0,163.0,142.0,143.0,105.0,196.0,150.0,171.0,176.0,145.0,213.0,114.0,157.0,100.0,152.0,133.0,135.0,263.0,167.0,137.0,162.0,166.0,197.0,147.0,226.0,219.0,165.0,233.0,164.0,173.0,252.0,218.0,135.0,191.0,152.0,193.0,193.0,223.0,213.0,143.0,213.0,258.0,144.0,179.0,104.0,123.0,221.0,244.0,215.0,170.0,208.0,247.0,199.0,168.0,111.0,201.0,165.0,270.0,234.0,124.0,180.0,231.0,230.0,213.0,182.0,164.0,216.0,193.0,190.0,171.0,218.0,156.0,193.0,371.0,213.0,157.0,242.0,198.0,127.0,221.0,121.0,140.0,178.0,230.0,226.0,254.0,244.0,176.0,195.0,133.0,201.0,180.0,188.0,187.0,220.0,96.0,151.0
fta,540.0,671.0,684.0,544.0,581.0,590.0,615.0,509.0,701.0,640.0,619.0,713.0,649.0,679.0,523.0,448.0,693.0,646.0,604.0,738.0,636.0,593.0,691.0,517.0,719.0,578.0,506.0,739.0,533.0,455.0,528.0,640.0,646.0,622.0,615.0,487.0,614.0,644.0,593.0,576.0,549.0,528.0,403.0,601.0,854.0,730.0,563.0,546.0,607.0,643.0,485.0,659.0,556.0,568.0,640.0,519.0,815.0,532.0,526.0,727.0,587.0,592.0,578.0,507.0,469.0,657.0,722.0,673.0,404.0,484.0,609.0,557.0,624.0,637.0,828.0,717.0,480.0,427.0,527.0,494.0,545.0,418.0,527.0,759.0,690.0,685.0,632.0,587.0,699.0,599.0,564.0,634.0,721.0,503.0,669.0,506.0,571.0,515.0,520.0,587.0,652.0,556.0,477.0,665.0,607.0,493.0,617.0,494.0,561.0,696.0,418.0,685.0,643.0,740.0,555.0,643.0,612.0,606.0,548.0,412.0,621.0,554.0,559.0,731.0,496.0,491.0,548.0,475.0,795.0,728.0,594.0,694.0,727.0,786.0,363.0,624.0,729.0,702.0,557.0,619.0,635.0,588.0,757.0,629.0,731.0,551.0,675.0,631.0,581.0,673.0,569.0,713.0,605.0,728.0,619.0,862.0,650.0,568.0,490.0,482.0,694.0,793.0,708.0,650.0,523.0,501.0,746.0,570.0,625.0,802.0,775.0,605.0,607.0,547.0,527.0,652.0,743.0,649.0,607.0,622.0,677.0,621.0,714.0,656.0,646.0,661.0,514.0,512.0,615.0,572.0,728.0,505.0,779.0,700.0,598.0,867.0,527.0,491.0,663.0,804.0,310.0,497.0,868.0,586.0,396.0,707.0,452.0,653.0,535.0,654.0,639.0,596.0,837.0,787.0,569.0,693.0,664.0,429.0,528.0,591.0,585.0,475.0,599.0,564.0,532.0,663.0,517.0,366.0,768.0,631.0,649.0,727.0,679.0,563.0,590.0,604.0,670.0,562.0,557.0,576.0,589.0,460.0,621.0,482.0,507.0,576.0,593.0,568.0,612.0,588.0,432.0,528.0,475.0,596.0,342.0,627.0,443.0,731.0,491.0,712.0,643.0,203.0,580.0,633.0,597.0,553.0,632.0,548.0,503.0,692.0,692.0,602.0,696.0,599.0,606.0,509.0,567.0,822.0,687.0,590.0,530.0,751.0,621.0,561.0,753.0,820.0,626.0,703.0,566.0,534.0,671.0,557.0,604.0,709.0,466.0,670.0,656.0,652.0,524.0,454.0,568.0,567.0,551.0,632.0,584.0,585.0,580.0,575.0,657.0,733.0,564.0,658.0,642.0,656.0,510.0,884.0,664.0,534.0,719.0,810.0,801.0,543.0,732.0,645.0,559.0,412.0,595.0,646.0,523.0,585.0,787.0,889.0,432.0,600.0,717.0,646.0,595.0,552.0,482.0,436.0,554.0,598.0,667.0,838.0,797.0,561.0,578.0
ftm,364.0,480.0,482.0,358.0,368.0,424.0,415.0,330.0,494.0,470.0,458.0,478.0,401.0,442.0,353.0,309.0,420.0,447.0,369.0,521.0,435.0,370.0,474.0,359.0,528.0,395.0,337.0,531.0,351.0,301.0,358.0,413.0,466.0,453.0,388.0,343.0,464.0,454.0,365.0,383.0,373.0,380.0,252.0,410.0,556.0,495.0,370.0,392.0,415.0,453.0,299.0,435.0,373.0,413.0,461.0,347.0,552.0,380.0,388.0,546.0,398.0,422.0,399.0,351.0,305.0,465.0,466.0,473.0,265.0,357.0,375.0,361.0,470.0,428.0,599.0,498.0,343.0,299.0,320.0,340.0,402.0,291.0,346.0,541.0,480.0,436.0,415.0,434.0,490.0,414.0,351.0,405.0,521.0,315.0,449.0,349.0,388.0,340.0,354.0,376.0,464.0,355.0,294.0,419.0,430.0,301.0,407.0,350.0,406.0,497.0,263.0,476.0,436.0,553.0,365.0,411.0,399.0,419.0,423.0,293.0,433.0,363.0,408.0,482.0,369.0,346.0,403.0,314.0,560.0,504.0,390.0,523.0,529.0,517.0,236.0,410.0,564.0,481.0,417.0,448.0,437.0,422.0,506.0,425.0,525.0,371.0,448.0,406.0,400.0,522.0,381.0,512.0,407.0,471.0,392.0,621.0,468.0,436.0,340.0,311.0,429.0,552.0,512.0,439.0,371.0,378.0,512.0,409.0,455.0,565.0,518.0,429.0,412.0,383.0,385.0,436.0,538.0,420.0,412.0,417.0,472.0,435.0,519.0,487.0,380.0,479.0,322.0,346.0,441.0,399.0,538.0,329.0,547.0,491.0,395.0,614.0,359.0,310.0,431.0,616.0,200.0,291.0,639.0,434.0,247.0,532.0,312.0,430.0,372.0,455.0,449.0,417.0,569.0,585.0,363.0,465.0,447.0,277.0,358.0,403.0,378.0,330.0,403.0,376.0,365.0,423.0,348.0,275.0,522.0,442.0,403.0,493.0,469.0,388.0,401.0,409.0,474.0,404.0,375.0,405.0,430.0,322.0,439.0,331.0,353.0,406.0,411.0,384.0,425.0,417.0,298.0,349.0,296.0,411.0,240.0,448.0,294.0,484.0,317.0,470.0,409.0,148.0,347.0,457.0,392.0,442.0,422.0,353.0,368.0,450.0,508.0,419.0,482.0,397.0,430.0,325.0,389.0,526.0,461.0,433.0,370.0,506.0,420.0,387.0,505.0,570.0,418.0,515.0,416.0,347.0,448.0,387.0,410.0,492.0,284.0,412.0,468.0,508.0,397.0,308.0,422.0,409.0,373.0,454.0,412.0,406.0,377.0,392.0,450.0,488.0,426.0,469.0,505.0,489.0,396.0,639.0,468.0,328.0,515.0,566.0,594.0,402.0,527.0,478.0,354.0,293.0,419.0,452.0,295.0,366.0,560.0,621.0,331.0,439.0,499.0,509.0,425.0,376.0,316.0,295.0,401.0,411.0,461.0,613.0,538.0,372.0,381.0
games,29.0,34.0,30.0,24.0,29.0,31.0,28.0,31.0,30.0,32.0,33.0,31.0,31.0,30.0,28.0,30.0,32.0,30.0,31.0,33.0,31.0,30.0,30.0,30.0,33.0,30.0,30.0,32.0,28.0,29.0,30.0,32.0,30.0,31.0,31.0,28.0,32.0,28.0,31.0,25.0,31.0,30.0,26.0,31.0,32.0,30.0,32.0,30.0,31.0,32.0,27.0,34.0,30.0,30.0,30.0,28.0,31.0,31.0,29.0,33.0,29.0,31.0,29.0,29.0,27.0,32.0,33.0,32.0,30.0,31.0,33.0,29.0,31.0,29.0,34.0,33.0,28.0,28.0,30.0,29.0,27.0,23.0,29.0,32.0,29.0,30.0,32.0,32.0,30.0,33.0,31.0,31.0,34.0,28.0,34.0,28.0,28.0,29.0,27.0,32.0,30.0,32.0,30.0,31.0,30.0,28.0,31.0,33.0,27.0,30.0,27.0,31.0,32.0,32.0,29.0,31.0,30.0,31.0,30.0,33.0,33.0,30.0,31.0,31.0,32.0,32.0,29.0,27.0,33.0,31.0,26.0,33.0,32.0,31.0,28.0,32.0,33.0,31.0,30.0,26.0,29.0,29.0,30.0,30.0,30.0,27.0,32.0,33.0,31.0,32.0,31.0,33.0,29.0,30.0,33.0,33.0,29.0,33.0,29.0,27.0,30.0,34.0,31.0,29.0,30.0,32.0,32.0,31.0,31.0,34.0,34.0,31.0,31.0,31.0,28.0,30.0,32.0,33.0,32.0,32.0,31.0,29.0,31.0,30.0,29.0,30.0,29.0,29.0,30.0,30.0,32.0,29.0,32.0,32.0,29.0,34.0,28.0,31.0,31.0,31.0,15.0,29.0,31.0,30.0,25.0,33.0,30.0,28.0,32.0,33.0,32.0,32.0,32.0,33.0,31.0,30.0,31.0,29.0,30.0,28.0,33.0,30.0,31.0,31.0,31.0,29.0,29.0,26.0,32.0,34.0,31.0,29.0,32.0,32.0,32.0,31.0,34.0,32.0,27.0,31.0,30.0,31.0,26.0,30.0,30.0,31.0,28.0,28.0,30.0,31.0,25.0,30.0,26.0,29.0,21.0,31.0,27.0,33.0,29.0,32.0,30.0,12.0,31.0,29.0,29.0,29.0,30.0,30.0,29.0,33.0,32.0,31.0,30.0,30.0,31.0,28.0,29.0,34.0,30.0,30.0,33.0,33.0,28.0,28.0,33.0,32.0,26.0,32.0,29.0,31.0,34.0,30.0,30.0,33.0,23.0,32.0,33.0,32.0,31.0,29.0,30.0,33.0,29.0,29.0,31.0,28.0,29.0,32.0,31.0,33.0,27.0,29.0,32.0,33.0,26.0,31.0,33.0,29.0,31.0,31.0,33.0,28.0,32.0,28.0,29.0,28.0,31.0,31.0,28.0,30.0,30.0,33.0,32.0,29.0,34.0,31.0,30.0,32.0,29.0,29.0,31.0,29.0,33.0,30.0,32.0,27.0,28.0
opp_ast,365.0,332.0,412.0,330.0,305.0,388.0,481.0,320.0,396.0,501.0,393.0,368.0,401.0,479.0,325.0,365.0,379.0,424.0,343.0,431.0,418.0,297.0,375.0,350.0,400.0,403.0,344.0,439.0,393.0,441.0,402.0,362.0,314.0,352.0,327.0,434.0,397.0,433.0,369.0,320.0,419.0,400.0,380.0,398.0,528.0,511.0,415.0,327.0,411.0,364.0,390.0,459.0,324.0,402.0,408.0,324.0,378.0,452.0,338.0,401.0,416.0,440.0,385.0,458.0,342.0,313.0,390.0,393.0,392.0,323.0,502.0,337.0,425.0,303.0,362.0,524.0,394.0,466.0,404.0,385.0,454.0,386.0,390.0,405.0,371.0,494.0,439.0,431.0,459.0,427.0,366.0,386.0,357.0,431.0,476.0,389.0,402.0,419.0,391.0,378.0,358.0,447.0,401.0,428.0,327.0,432.0,331.0,458.0,384.0,341.0,407.0,353.0,407.0,391.0,487.0,391.0,376.0,416.0,404.0,383.0,365.0,443.0,379.0,348.0,384.0,379.0,370.0,379.0,445.0,361.0,343.0,442.0,405.0,367.0,387.0,428.0,328.0,426.0,400.0,375.0,386.0,472.0,377.0,390.0,422.0,376.0,393.0,385.0,485.0,383.0,422.0,307.0,459.0,366.0,374.0,461.0,372.0,424.0,470.0,327.0,365.0,328.0,439.0,381.0,321.0,441.0,370.0,388.0,446.0,365.0,401.0,446.0,354.0,466.0,295.0,396.0,422.0,309.0,438.0,346.0,322.0,341.0,399.0,374.0,362.0,383.0,371.0,517.0,343.0,323.0,394.0,291.0,392.0,461.0,350.0,417.0,308.0,461.0,399.0,444.0,252.0,380.0,413.0,302.0,369.0,399.0,392.0,466.0,452.0,496.0,409.0,435.0,379.0,409.0,390.0,340.0,443.0,424.0,372.0,401.0,453.0,484.0,398.0,356.0,407.0,372.0,346.0,238.0,507.0,417.0,409.0,405.0,455.0,410.0,372.0,414.0,436.0,391.0,336.0,381.0,341.0,418.0,390.0,331.0,331.0,355.0,404.0,399.0,391.0,355.0,279.0,420.0,323.0,522.0,264.0,446.0,235.0,497.0,390.0,423.0,378.0,195.0,359.0,353.0,383.0,350.0,404.0,427.0,423.0,449.0,471.0,296.0,304.0,347.0,393.0,381.0,361.0,561.0,385.0,373.0,424.0,446.0,407.0,370.0,365.0,414.0,373.0,429.0,398.0,457.0,527.0,504.0,390.0,333.0,338.0,461.0,373.0,452.0,390.0,329.0,385.0,381.0,330.0,404.0,389.0,467.0,425.0,571.0,391.0,382.0,379.0,422.0,332.0,408.0,237.0,389.0,377.0,389.0,359.0,349.0,456.0,401.0,422.0,525.0,399.0,356.0,398.0,380.0,380.0,437.0,351.0,403.0,311.0,325.0,383.0,349.0,370.0,375.0,359.0,381.0,325.0,364.0,370.0,406.0,396.0,340.0,366.0
opp_blk,102.0,81.0,133.0,94.0,77.0,120.0,107.0,94.0,124.0,74.0,65.0,97.0,121.0,151.0,78.0,109.0,93.0,80.0,79.0,88.0,98.0,103.0,103.0,127.0,156.0,104.0,101.0,79.0,98.0,72.0,115.0,100.0,88.0,71.0,114.0,79.0,107.0,124.0,135.0,125.0,130.0,93.0,93.0,105.0,110.0,104.0,109.0,97.0,103.0,122.0,90.0,88.0,53.0,103.0,113.0,105.0,116.0,104.0,94.0,96.0,103.0,59.0,75.0,139.0,86.0,82.0,120.0,67.0,82.0,78.0,94.0,108.0,82.0,135.0,131.0,133.0,97.0,83.0,93.0,101.0,87.0,79.0,77.0,84.0,130.0,112.0,113.0,87.0,86.0,112.0,102.0,111.0,102.0,89.0,102.0,86.0,94.0,61.0,118.0,85.0,90.0,136.0,94.0,85.0,85.0,79.0,103.0,116.0,85.0,90.0,98.0,119.0,101.0,97.0,102.0,79.0,108.0,77.0,98.0,76.0,106.0,146.0,87.0,106.0,84.0,63.0,92.0,60.0,101.0,108.0,126.0,87.0,103.0,82.0,85.0,111.0,124.0,119.0,88.0,89.0,88.0,89.0,101.0,90.0,131.0,103.0,93.0,109.0,146.0,141.0,113.0,106.0,98.0,134.0,147.0,108.0,86.0,140.0,119.0,58.0,109.0,95.0,160.0,117.0,82.0,95.0,103.0,81.0,107.0,112.0,83.0,126.0,103.0,102.0,61.0,86.0,124.0,128.0,137.0,96.0,104.0,96.0,104.0,93.0,118.0,98.0,107.0,88.0,97.0,90.0,91.0,65.0,69.0,95.0,103.0,136.0,84.0,118.0,87.0,143.0,56.0,109.0,124.0,87.0,72.0,72.0,116.0,123.0,135.0,82.0,102.0,65.0,66.0,96.0,106.0,98.0,122.0,65.0,67.0,93.0,104.0,106.0,98.0,95.0,81.0,97.0,86.0,89.0,126.0,98.0,120.0,73.0,97.0,87.0,98.0,89.0,101.0,114.0,79.0,105.0,100.0,89.0,77.0,86.0,103.0,111.0,85.0,120.0,63.0,81.0,112.0,77.0,75.0,82.0,74.0,124.0,92.0,115.0,84.0,96.0,137.0,38.0,109.0,93.0,90.0,111.0,109.0,59.0,96.0,143.0,73.0,99.0,86.0,136.0,92.0,114.0,100.0,136.0,121.0,105.0,64.0,118.0,77.0,73.0,98.0,108.0,91.0,93.0,107.0,95.0,93.0,79.0,118.0,95.0,73.0,99.0,103.0,93.0,104.0,66.0,90.0,69.0,53.0,133.0,104.0,109.0,76.0,127.0,85.0,70.0,97.0,122.0,54.0,105.0,69.0,88.0,85.0,85.0,114.0,94.0,114.0,133.0,112.0,105.0,104.0,90.0,72.0,86.0,104.0,86.0,114.0,96.0,70.0,89.0,119.0,92.0,109.0,77.0,109.0,72.0,72.0,88.0,72.0,106.0,144.0,87.0,98.0
opp_dr,622.0,757.0,684.0,651.0,620.0,676.0,826.0,630.0,657.0,628.0,652.0,668.0,759.0,742.0,680.0,718.0,820.0,693.0,734.0,768.0,759.0,675.0,717.0,696.0,686.0,708.0,687.0,695.0,671.0,713.0,850.0,717.0,628.0,709.0,685.0,734.0,672.0,665.0,758.0,644.0,831.0,640.0,651.0,789.0,778.0,743.0,699.0,652.0,674.0,735.0,636.0,801.0,698.0,679.0,705.0,683.0,662.0,771.0,627.0,794.0,712.0,760.0,641.0,693.0,686.0,809.0,741.0,823.0,627.0,627.0,853.0,618.0,704.0,678.0,748.0,766.0,613.0,599.0,694.0,694.0,638.0,645.0,723.0,776.0,658.0,728.0,756.0,752.0,733.0,765.0,868.0,724.0,732.0,804.0,798.0,686.0,618.0,745.0,685.0,715.0,607.0,784.0,706.0,759.0,678.0,700.0,727.0,860.0,586.0,595.0,626.0,735.0,657.0,822.0,810.0,764.0,670.0,661.0,686.0,711.0,743.0,635.0,728.0,701.0,638.0,811.0,681.0,566.0,745.0,670.0,615.0,733.0,658.0,684.0,677.0,779.0,649.0,696.0,744.0,632.0,759.0,714.0,630.0,704.0,726.0,774.0,665.0,780.0,819.0,757.0,730.0,746.0,680.0,723.0,900.0,752.0,654.0,811.0,742.0,629.0,694.0,749.0,730.0,661.0,641.0,765.0,645.0,650.0,721.0,842.0,821.0,761.0,721.0,743.0,609.0,705.0,666.0,744.0,834.0,701.0,700.0,619.0,669.0,661.0,708.0,819.0,711.0,811.0,613.0,721.0,756.0,737.0,718.0,745.0,665.0,816.0,581.0,810.0,727.0,691.0,350.0,733.0,751.0,604.0,527.0,710.0,667.0,741.0,843.0,699.0,728.0,647.0,672.0,841.0,644.0,684.0,775.0,609.0,619.0,698.0,727.0,765.0,605.0,658.0,708.0,725.0,654.0,562.0,741.0,791.0,675.0,655.0,718.0,761.0,756.0,751.0,704.0,724.0,578.0,695.0,685.0,670.0,612.0,657.0,682.0,643.0,661.0,601.0,649.0,627.0,573.0,701.0,613.0,737.0,432.0,791.0,677.0,783.0,650.0,655.0,761.0,275.0,734.0,685.0,664.0,567.0,686.0,753.0,613.0,755.0,714.0,693.0,644.0,663.0,710.0,755.0,706.0,768.0,684.0,701.0,756.0,771.0,644.0,695.0,727.0,690.0,677.0,822.0,677.0,694.0,842.0,754.0,729.0,696.0,536.0,707.0,800.0,748.0,737.0,621.0,647.0,646.0,721.0,685.0,768.0,682.0,689.0,922.0,779.0,646.0,628.0,755.0,670.0,611.0,525.0,822.0,739.0,662.0,658.0,702.0,731.0,666.0,714.0,877.0,693.0,592.0,657.0,741.0,730.0,702.0,671.0,690.0,689.0,651.0,745.0,653.0,758.0,659.0,686.0,713.0,638.0,614.0,758.0,709.0,652.0,608.0,656.0
opp_fga,1388.0,1692.0,1863.0,1368.0,1694.0,1600.0,1789.0,1573.0,1773.0,1841.0,1716.0,1649.0,1674.0,1791.0,1553.0,1486.0,1744.0,1710.0,1578.0,1870.0,1749.0,1404.0,1652.0,1750.0,1963.0,1686.0,1615.0,1690.0,1586.0,1510.0,1779.0,1649.0,1551.0,1724.0,1444.0,1589.0,1809.0,1584.0,1803.0,1397.0,1616.0,1687.0,1488.0,1695.0,1959.0,1777.0,1802.0,1577.0,1791.0,1634.0,1569.0,2081.0,1624.0,1565.0,1613.0,1434.0,2010.0,1708.0,1616.0,1771.0,1588.0,1818.0,1594.0,1542.0,1410.0,1752.0,1738.0,1837.0,1543.0,1397.0,1967.0,1433.0,1666.0,1552.0,1921.0,1922.0,1510.0,1486.0,1576.0,1464.0,1621.0,1384.0,1600.0,1902.0,1537.0,1780.0,1792.0,1805.0,1727.0,1860.0,1737.0,1698.0,1940.0,1549.0,1986.0,1465.0,1587.0,1682.0,1601.0,1741.0,1671.0,1932.0,1547.0,1848.0,1739.0,1567.0,1634.0,1699.0,1476.0,1574.0,1522.0,1719.0,1531.0,1907.0,1723.0,1769.0,1565.0,1622.0,1676.0,1791.0,1803.0,1576.0,1642.0,1567.0,1570.0,1833.0,1569.0,1362.0,1845.0,1645.0,1430.0,1898.0,1826.0,1586.0,1441.0,1724.0,1945.0,1793.0,1680.0,1492.0,1622.0,1752.0,1808.0,1674.0,1737.0,1559.0,1675.0,1861.0,1689.0,1737.0,1678.0,1894.0,1685.0,1563.0,1890.0,1874.0,1465.0,1956.0,1781.0,1574.0,1621.0,1853.0,1933.0,1686.0,1519.0,1687.0,1680.0,1590.0,1829.0,2162.0,1904.0,1629.0,1530.0,1704.0,1463.0,1611.0,1758.0,1740.0,1651.0,1700.0,1536.0,1472.0,1652.0,1718.0,1564.0,1743.0,1697.0,1668.0,1790.0,1435.0,1736.0,1445.0,1615.0,1941.0,1571.0,2056.0,1275.0,1618.0,1724.0,2018.0,816.0,1529.0,1775.0,1463.0,1265.0,1756.0,1459.0,1673.0,2006.0,1916.0,1620.0,1747.0,1938.0,1905.0,1644.0,1676.0,1674.0,1462.0,1502.0,1525.0,1767.0,1700.0,1728.0,1600.0,1717.0,1637.0,1569.0,1259.0,2026.0,1851.0,1673.0,1833.0,1869.0,1794.0,1671.0,1814.0,1785.0,1857.0,1586.0,1748.0,1478.0,1777.0,1422.0,1542.0,1507.0,1577.0,1547.0,1578.0,1528.0,1702.0,1222.0,1711.0,1439.0,1827.0,1045.0,1802.0,1388.0,2016.0,1623.0,1835.0,1756.0,788.0,1685.0,1518.0,1660.0,1454.0,1781.0,1658.0,1532.0,1802.0,1850.0,1614.0,1708.0,1534.0,1673.0,1576.0,1468.0,2248.0,1650.0,1496.0,1870.0,1897.0,1663.0,1616.0,1861.0,1804.0,1425.0,1916.0,1659.0,1709.0,1956.0,1847.0,1553.0,1811.0,1180.0,1701.0,1858.0,1798.0,1611.0,1417.0,1623.0,1686.0,1540.0,1613.0,1736.0,1711.0,1706.0,1953.0,1652.0,1817.0,1530.0,1669.0,1764.0,1760.0,1393.0,1742.0,1797.0,1413.0,1788.0,1761.0,1833.0,1653.0,1882.0,1830.0,1473.0,1342.0,1726.0,1656.0,1472.0,1648.0,1868.0,1984.0,1563.0,1559.0,1759.0,1667.0,1756.0,1551.0,1546.0,1569.0,1500.0,1599.0,1652.0,1846.0,1818.0,1382.0,1534.0
opp_fga3,615.0,559.0,652.0,355.0,470.0,595.0,564.0,524.0,579.0,749.0,628.0,533.0,485.0,661.0,445.0,592.0,704.0,589.0,458.0,586.0,626.0,507.0,527.0,500.0,591.0,584.0,543.0,634.0,523.0,589.0,564.0,506.0,548.0,593.0,411.0,543.0,505.0,589.0,537.0,467.0,471.0,554.0,542.0,629.0,899.0,597.0,581.0,533.0,503.0,497.0,638.0,628.0,485.0,501.0,557.0,504.0,613.0,679.0,481.0,583.0,487.0,599.0,609.0,549.0,363.0,605.0,660.0,532.0,498.0,401.0,650.0,487.0,672.0,386.0,496.0,658.0,619.0,575.0,474.0,477.0,510.0,362.0,496.0,806.0,532.0,505.0,583.0,548.0,685.0,634.0,536.0,573.0,704.0,515.0,600.0,481.0,634.0,580.0,570.0,621.0,540.0,627.0,586.0,620.0,617.0,515.0,583.0,700.0,426.0,455.0,628.0,548.0,533.0,569.0,602.0,511.0,543.0,603.0,673.0,565.0,651.0,535.0,539.0,577.0,563.0,630.0,481.0,556.0,551.0,475.0,411.0,692.0,630.0,505.0,425.0,558.0,651.0,537.0,536.0,515.0,583.0,694.0,638.0,591.0,573.0,413.0,600.0,565.0,661.0,460.0,538.0,560.0,615.0,530.0,542.0,646.0,403.0,663.0,529.0,528.0,542.0,526.0,686.0,627.0,494.0,564.0,647.0,591.0,639.0,670.0,582.0,499.0,476.0,611.0,431.0,529.0,627.0,472.0,556.0,502.0,493.0,441.0,588.0,443.0,505.0,572.0,656.0,515.0,518.0,548.0,466.0,415.0,624.0,640.0,497.0,620.0,434.0,555.0,552.0,660.0,327.0,521.0,467.0,479.0,443.0,675.0,572.0,566.0,613.0,677.0,628.0,714.0,684.0,624.0,586.0,427.0,481.0,589.0,572.0,471.0,662.0,608.0,576.0,526.0,508.0,504.0,481.0,354.0,668.0,576.0,514.0,715.0,601.0,605.0,513.0,623.0,605.0,487.0,532.0,497.0,496.0,571.0,445.0,582.0,443.0,533.0,560.0,502.0,544.0,536.0,355.0,584.0,416.0,590.0,383.0,543.0,385.0,651.0,579.0,620.0,470.0,238.0,516.0,550.0,527.0,463.0,562.0,509.0,542.0,541.0,585.0,444.0,445.0,528.0,412.0,459.0,569.0,844.0,523.0,513.0,616.0,707.0,515.0,471.0,582.0,555.0,468.0,618.0,540.0,624.0,633.0,746.0,450.0,535.0,411.0,518.0,598.0,564.0,532.0,584.0,619.0,489.0,432.0,447.0,632.0,560.0,638.0,694.0,532.0,630.0,628.0,506.0,469.0,515.0,439.0,546.0,569.0,557.0,597.0,530.0,756.0,524.0,653.0,506.0,525.0,398.0,554.0,541.0,451.0,549.0,666.0,565.0,515.0,544.0,533.0,602.0,521.0,537.0,558.0,609.0,458.0,566.0,628.0,645.0,557.0,422.0,458.0
opp_fgm,585.0,683.0,768.0,619.0,665.0,691.0,861.0,620.0,809.0,802.0,701.0,663.0,722.0,796.0,658.0,619.0,717.0,784.0,663.0,820.0,777.0,590.0,679.0,775.0,830.0,720.0,638.0,725.0,715.0,691.0,739.0,707.0,598.0,694.0,648.0,720.0,796.0,699.0,716.0,635.0,741.0,774.0,679.0,724.0,866.0,828.0,752.0,675.0,774.0,669.0,678.0,916.0,676.0,731.0,788.0,586.0,758.0,755.0,676.0,745.0,736.0,831.0,668.0,752.0,641.0,688.0,689.0,816.0,695.0,626.0,904.0,630.0,699.0,614.0,826.0,880.0,649.0,684.0,711.0,673.0,739.0,662.0,754.0,779.0,671.0,850.0,780.0,820.0,740.0,830.0,795.0,756.0,749.0,752.0,872.0,696.0,648.0,800.0,724.0,691.0,670.0,827.0,674.0,769.0,641.0,736.0,640.0,765.0,679.0,679.0,647.0,679.0,644.0,791.0,838.0,804.0,682.0,697.0,688.0,703.0,743.0,758.0,723.0,656.0,682.0,761.0,728.0,615.0,823.0,743.0,670.0,805.0,708.0,661.0,684.0,710.0,754.0,772.0,790.0,651.0,632.0,771.0,760.0,758.0,754.0,750.0,719.0,732.0,783.0,766.0,737.0,766.0,745.0,669.0,784.0,841.0,714.0,816.0,797.0,612.0,725.0,671.0,842.0,673.0,633.0,743.0,696.0,639.0,789.0,853.0,791.0,778.0,680.0,766.0,615.0,743.0,744.0,698.0,806.0,710.0,695.0,642.0,779.0,774.0,695.0,715.0,718.0,843.0,772.0,614.0,736.0,638.0,660.0,840.0,702.0,834.0,582.0,690.0,764.0,838.0,395.0,671.0,816.0,620.0,611.0,736.0,624.0,773.0,858.0,847.0,714.0,715.0,771.0,843.0,691.0,718.0,828.0,658.0,643.0,673.0,764.0,776.0,715.0,693.0,780.0,726.0,693.0,511.0,910.0,719.0,733.0,739.0,853.0,794.0,727.0,782.0,759.0,778.0,664.0,830.0,639.0,772.0,639.0,685.0,641.0,654.0,724.0,715.0,681.0,703.0,548.0,719.0,599.0,856.0,471.0,773.0,536.0,879.0,689.0,743.0,763.0,350.0,713.0,677.0,753.0,705.0,748.0,726.0,719.0,805.0,776.0,692.0,715.0,639.0,799.0,711.0,628.0,928.0,716.0,687.0,754.0,834.0,776.0,726.0,755.0,778.0,645.0,854.0,737.0,739.0,867.0,833.0,688.0,711.0,562.0,791.0,794.0,843.0,745.0,623.0,703.0,751.0,701.0,748.0,781.0,797.0,767.0,992.0,701.0,738.0,676.0,796.0,706.0,741.0,584.0,741.0,713.0,618.0,713.0,728.0,741.0,724.0,777.0,930.0,700.0,631.0,751.0,691.0,677.0,725.0,739.0,836.0,604.0,664.0,737.0,698.0,732.0,675.0,659.0,661.0,662.0,747.0,633.0,811.0,707.0,612.0,675.0
opp_fgm3,213.0,164.0,203.0,118.0,140.0,191.0,193.0,173.0,206.0,266.0,197.0,170.0,162.0,244.0,162.0,200.0,236.0,209.0,140.0,203.0,207.0,162.0,171.0,172.0,193.0,190.0,165.0,223.0,203.0,225.0,176.0,172.0,177.0,178.0,147.0,201.0,176.0,200.0,164.0,161.0,168.0,187.0,191.0,232.0,329.0,223.0,186.0,174.0,180.0,163.0,221.0,218.0,154.0,184.0,207.0,154.0,192.0,226.0,149.0,202.0,189.0,221.0,198.0,212.0,140.0,199.0,209.0,180.0,178.0,128.0,232.0,180.0,232.0,128.0,169.0,228.0,228.0,206.0,172.0,167.0,174.0,141.0,173.0,265.0,180.0,187.0,186.0,183.0,224.0,227.0,186.0,203.0,230.0,205.0,198.0,180.0,217.0,223.0,191.0,188.0,171.0,207.0,200.0,201.0,208.0,187.0,180.0,256.0,154.0,159.0,212.0,187.0,180.0,189.0,218.0,181.0,193.0,209.0,219.0,164.0,198.0,204.0,193.0,188.0,199.0,210.0,161.0,217.0,190.0,176.0,150.0,213.0,211.0,178.0,154.0,175.0,226.0,191.0,190.0,180.0,189.0,239.0,208.0,215.0,193.0,130.0,195.0,172.0,259.0,151.0,189.0,174.0,193.0,182.0,175.0,226.0,166.0,228.0,186.0,174.0,190.0,154.0,244.0,202.0,159.0,179.0,207.0,206.0,208.0,227.0,179.0,168.0,164.0,217.0,156.0,189.0,229.0,142.0,196.0,168.0,181.0,142.0,237.0,158.0,188.0,181.0,196.0,176.0,173.0,183.0,166.0,137.0,225.0,216.0,174.0,202.0,144.0,209.0,193.0,231.0,120.0,195.0,163.0,163.0,187.0,237.0,197.0,212.0,206.0,252.0,212.0,251.0,233.0,214.0,194.0,149.0,188.0,207.0,203.0,174.0,217.0,213.0,193.0,174.0,176.0,177.0,159.0,103.0,228.0,189.0,191.0,239.0,198.0,222.0,174.0,214.0,222.0,153.0,169.0,163.0,174.0,186.0,155.0,196.0,155.0,173.0,211.0,179.0,203.0,183.0,116.0,219.0,154.0,216.0,133.0,173.0,110.0,220.0,207.0,227.0,155.0,87.0,166.0,201.0,177.0,153.0,185.0,177.0,199.0,195.0,197.0,127.0,152.0,175.0,149.0,156.0,177.0,249.0,162.0,174.0,211.0,238.0,173.0,168.0,198.0,201.0,165.0,220.0,184.0,215.0,203.0,272.0,154.0,144.0,152.0,188.0,193.0,198.0,192.0,204.0,214.0,177.0,159.0,169.0,227.0,206.0,217.0,253.0,188.0,212.0,218.0,164.0,164.0,189.0,128.0,172.0,190.0,203.0,213.0,182.0,256.0,175.0,211.0,176.0,205.0,154.0,193.0,183.0,153.0,192.0,201.0,186.0,186.0,183.0,160.0,197.0,180.0,189.0,187.0,209.0,148.0,213.0,207.0,209.0,185.0,143.0,158.0
opp_fta,575.0,762.0,591.0,575.0,566.0,696.0,671.0,554.0,717.0,468.0,522.0,667.0,875.0,568.0,498.0,570.0,670.0,657.0,600.0,696.0,639.0,672.0,686.0,644.0,681.0,542.0,577.0,609.0,396.0,536.0,717.0,597.0,525.0,626.0,829.0,473.0,593.0,642.0,733.0,535.0,802.0,457.0,498.0,697.0,590.0,800.0,620.0,570.0,584.0,607.0,540.0,582.0,558.0,593.0,626.0,573.0,388.0,536.0,551.0,676.0,595.0,603.0,682.0,551.0,605.0,729.0,632.0,630.0,579.0,689.0,505.0,654.0,469.0,619.0,594.0,632.0,507.0,466.0,521.0,636.0,560.0,574.0,589.0,611.0,549.0,567.0,595.0,689.0,703.0,561.0,679.0,613.0,700.0,638.0,616.0,652.0,595.0,719.0,615.0,526.0,558.0,547.0,544.0,703.0,510.0,565.0,579.0,768.0,486.0,619.0,536.0,785.0,742.0,620.0,684.0,602.0,572.0,719.0,548.0,471.0,542.0,575.0,694.0,649.0,503.0,523.0,581.0,394.0,740.0,702.0,539.0,639.0,668.0,787.0,601.0,709.0,651.0,588.0,629.0,567.0,558.0,467.0,580.0,647.0,562.0,699.0,563.0,585.0,568.0,863.0,566.0,661.0,532.0,619.0,793.0,572.0,655.0,583.0,525.0,498.0,647.0,636.0,654.0,510.0,511.0,497.0,594.0,576.0,675.0,635.0,748.0,753.0,659.0,625.0,583.0,582.0,700.0,714.0,862.0,610.0,690.0,587.0,598.0,509.0,675.0,675.0,574.0,688.0,507.0,551.0,727.0,704.0,775.0,688.0,534.0,674.0,589.0,728.0,745.0,507.0,321.0,718.0,779.0,565.0,442.0,547.0,519.0,777.0,522.0,534.0,656.0,420.0,580.0,787.0,454.0,587.0,729.0,417.0,532.0,607.0,433.0,633.0,529.0,740.0,543.0,662.0,510.0,540.0,587.0,574.0,615.0,553.0,625.0,664.0,731.0,634.0,708.0,610.0,513.0,573.0,733.0,609.0,674.0,468.0,588.0,540.0,569.0,487.0,600.0,646.0,548.0,561.0,618.0,626.0,424.0,799.0,542.0,486.0,548.0,615.0,634.0,211.0,636.0,606.0,532.0,565.0,697.0,737.0,590.0,629.0,550.0,552.0,518.0,672.0,560.0,620.0,541.0,587.0,637.0,564.0,557.0,705.0,646.0,717.0,676.0,532.0,821.0,800.0,597.0,609.0,683.0,541.0,651.0,696.0,466.0,871.0,562.0,720.0,614.0,478.0,693.0,589.0,718.0,635.0,537.0,596.0,594.0,624.0,569.0,583.0,661.0,504.0,633.0,526.0,542.0,799.0,678.0,711.0,566.0,648.0,695.0,577.0,617.0,560.0,767.0,574.0,553.0,648.0,639.0,583.0,611.0,652.0,523.0,588.0,673.0,640.0,592.0,630.0,490.0,591.0,499.0,467.0,622.0,578.0,603.0,530.0,629.0
opp_ftm,424.0,527.0,401.0,374.0,374.0,465.0,453.0,398.0,510.0,320.0,383.0,468.0,584.0,377.0,353.0,385.0,441.0,467.0,386.0,498.0,427.0,422.0,479.0,429.0,472.0,359.0,397.0,450.0,265.0,362.0,498.0,408.0,373.0,441.0,575.0,323.0,419.0,424.0,501.0,360.0,557.0,308.0,342.0,502.0,386.0,547.0,433.0,416.0,387.0,414.0,371.0,401.0,389.0,393.0,434.0,414.0,275.0,352.0,383.0,465.0,433.0,413.0,501.0,384.0,428.0,505.0,443.0,432.0,404.0,492.0,350.0,449.0,314.0,418.0,410.0,437.0,352.0,320.0,351.0,455.0,405.0,389.0,409.0,422.0,373.0,395.0,406.0,496.0,468.0,347.0,452.0,427.0,482.0,435.0,430.0,443.0,407.0,479.0,424.0,352.0,395.0,376.0,361.0,477.0,357.0,372.0,381.0,530.0,325.0,439.0,351.0,531.0,524.0,439.0,503.0,397.0,405.0,516.0,383.0,298.0,388.0,391.0,482.0,457.0,345.0,368.0,402.0,287.0,492.0,464.0,394.0,438.0,479.0,557.0,408.0,482.0,452.0,400.0,427.0,416.0,374.0,316.0,379.0,446.0,357.0,487.0,388.0,397.0,389.0,611.0,405.0,455.0,352.0,407.0,546.0,384.0,475.0,399.0,360.0,333.0,449.0,438.0,438.0,375.0,341.0,361.0,414.0,421.0,455.0,414.0,499.0,538.0,460.0,439.0,415.0,411.0,481.0,494.0,580.0,422.0,490.0,421.0,416.0,364.0,477.0,448.0,369.0,466.0,370.0,378.0,493.0,473.0,560.0,484.0,366.0,431.0,404.0,494.0,498.0,352.0,229.0,496.0,529.0,392.0,318.0,388.0,363.0,524.0,356.0,396.0,440.0,291.0,395.0,549.0,308.0,415.0,516.0,300.0,379.0,415.0,304.0,428.0,366.0,512.0,383.0,426.0,322.0,376.0,405.0,383.0,431.0,387.0,420.0,463.0,524.0,414.0,471.0,422.0,333.0,397.0,533.0,437.0,437.0,318.0,419.0,383.0,391.0,333.0,401.0,443.0,391.0,398.0,420.0,438.0,299.0,532.0,386.0,333.0,410.0,435.0,458.0,142.0,410.0,434.0,343.0,403.0,454.0,499.0,404.0,418.0,371.0,400.0,357.0,458.0,388.0,409.0,355.0,374.0,440.0,402.0,373.0,482.0,443.0,481.0,452.0,366.0,591.0,564.0,397.0,418.0,462.0,371.0,466.0,467.0,322.0,584.0,393.0,488.0,452.0,334.0,478.0,409.0,497.0,447.0,364.0,402.0,387.0,436.0,401.0,407.0,451.0,339.0,455.0,390.0,368.0,575.0,475.0,489.0,394.0,441.0,473.0,406.0,448.0,371.0,517.0,416.0,380.0,439.0,401.0,407.0,430.0,439.0,367.0,417.0,461.0,452.0,405.0,442.0,348.0,418.0,357.0,322.0,424.0,418.0,398.0,354.0,440.0
opp_or,264.0,413.0,435.0,334.0,395.0,261.0,391.0,302.0,305.0,378.0,330.0,342.0,388.0,337.0,294.0,329.0,347.0,345.0,310.0,381.0,363.0,277.0,377.0,349.0,446.0,368.0,347.0,360.0,258.0,329.0,341.0,291.0,301.0,291.0,313.0,328.0,331.0,325.0,411.0,308.0,374.0,353.0,265.0,392.0,385.0,368.0,389.0,293.0,420.0,363.0,340.0,460.0,364.0,328.0,294.0,297.0,406.0,421.0,314.0,392.0,350.0,416.0,330.0,311.0,282.0,375.0,338.0,375.0,369.0,292.0,444.0,293.0,316.0,333.0,394.0,415.0,302.0,359.0,313.0,256.0,337.0,288.0,312.0,389.0,293.0,394.0,382.0,390.0,388.0,362.0,408.0,337.0,463.0,348.0,426.0,304.0,360.0,372.0,326.0,355.0,396.0,395.0,317.0,384.0,362.0,332.0,392.0,358.0,306.0,318.0,332.0,370.0,279.0,421.0,363.0,394.0,342.0,335.0,344.0,383.0,309.0,299.0,356.0,308.0,305.0,319.0,309.0,247.0,377.0,320.0,268.0,384.0,353.0,325.0,330.0,398.0,408.0,335.0,348.0,289.0,302.0,384.0,354.0,328.0,326.0,371.0,333.0,392.0,369.0,401.0,372.0,373.0,387.0,290.0,382.0,345.0,252.0,452.0,365.0,342.0,377.0,383.0,420.0,337.0,306.0,326.0,282.0,346.0,404.0,505.0,424.0,309.0,298.0,355.0,299.0,283.0,332.0,385.0,340.0,357.0,276.0,286.0,277.0,280.0,329.0,343.0,399.0,386.0,360.0,304.0,364.0,259.0,294.0,460.0,316.0,523.0,252.0,340.0,396.0,396.0,145.0,349.0,333.0,308.0,207.0,294.0,330.0,366.0,387.0,406.0,332.0,369.0,401.0,367.0,315.0,320.0,341.0,278.0,283.0,305.0,300.0,345.0,322.0,315.0,335.0,354.0,313.0,260.0,429.0,383.0,320.0,339.0,363.0,382.0,372.0,389.0,372.0,389.0,314.0,332.0,318.0,382.0,297.0,352.0,319.0,326.0,306.0,313.0,303.0,334.0,249.0,373.0,316.0,395.0,227.0,462.0,261.0,420.0,332.0,371.0,402.0,129.0,387.0,275.0,309.0,245.0,365.0,377.0,305.0,366.0,383.0,294.0,327.0,375.0,300.0,322.0,274.0,510.0,335.0,248.0,362.0,365.0,363.0,370.0,399.0,328.0,280.0,383.0,374.0,390.0,452.0,374.0,316.0,344.0,209.0,395.0,334.0,337.0,299.0,247.0,341.0,319.0,329.0,325.0,346.0,379.0,409.0,357.0,337.0,353.0,301.0,320.0,294.0,303.0,262.0,331.0,400.0,308.0,339.0,387.0,368.0,324.0,377.0,423.0,311.0,265.0,340.0,347.0,317.0,327.0,377.0,384.0,259.0,268.0,359.0,394.0,346.0,263.0,303.0,332.0,233.0,325.0,383.0,322.0,342.0,257.0,324.0
opp_pf,533.0,642.0,571.0,469.0,527.0,573.0,513.0,540.0,597.0,572.0,578.0,608.0,595.0,572.0,486.0,531.0,575.0,598.0,584.0,647.0,585.0,518.0,582.0,504.0,627.0,561.0,486.0,661.0,515.0,440.0,484.0,604.0,594.0,563.0,572.0,461.0,589.0,555.0,582.0,493.0,541.0,510.0,381.0,563.0,716.0,618.0,531.0,525.0,565.0,592.0,507.0,580.0,543.0,568.0,569.0,524.0,647.0,511.0,535.0,631.0,506.0,539.0,529.0,499.0,433.0,604.0,605.0,621.0,452.0,555.0,532.0,550.0,603.0,549.0,706.0,630.0,468.0,431.0,521.0,482.0,470.0,398.0,513.0,610.0,629.0,626.0,577.0,542.0,597.0,554.0,533.0,562.0,649.0,493.0,616.0,496.0,509.0,537.0,489.0,565.0,547.0,519.0,465.0,591.0,537.0,479.0,549.0,520.0,521.0,599.0,425.0,599.0,616.0,616.0,510.0,581.0,565.0,566.0,522.0,480.0,592.0,543.0,570.0,645.0,540.0,517.0,528.0,452.0,669.0,634.0,541.0,645.0,643.0,672.0,416.0,590.0,617.0,594.0,566.0,545.0,549.0,543.0,625.0,556.0,605.0,481.0,599.0,559.0,550.0,613.0,544.0,600.0,530.0,610.0,583.0,695.0,578.0,564.0,484.0,451.0,590.0,645.0,630.0,568.0,521.0,496.0,646.0,568.0,553.0,668.0,656.0,583.0,585.0,544.0,527.0,583.0,618.0,578.0,588.0,591.0,614.0,538.0,594.0,553.0,602.0,618.0,526.0,484.0,557.0,514.0,619.0,514.0,672.0,611.0,534.0,688.0,545.0,498.0,550.0,644.0,276.0,495.0,707.0,574.0,404.0,649.0,504.0,585.0,506.0,572.0,595.0,543.0,693.0,645.0,535.0,587.0,591.0,443.0,522.0,567.0,575.0,456.0,534.0,588.0,516.0,571.0,512.0,398.0,661.0,590.0,590.0,591.0,612.0,559.0,573.0,573.0,602.0,544.0,514.0,551.0,581.0,486.0,549.0,512.0,512.0,543.0,533.0,509.0,600.0,561.0,439.0,486.0,448.0,514.0,317.0,526.0,436.0,628.0,495.0,626.0,580.0,182.0,527.0,576.0,534.0,555.0,553.0,567.0,500.0,624.0,610.0,557.0,569.0,564.0,573.0,509.0,532.0,673.0,598.0,563.0,538.0,640.0,524.0,516.0,667.0,691.0,562.0,646.0,518.0,545.0,585.0,522.0,559.0,632.0,438.0,618.0,604.0,586.0,512.0,470.0,567.0,540.0,534.0,568.0,544.0,509.0,505.0,577.0,577.0,622.0,531.0,600.0,577.0,583.0,485.0,684.0,588.0,539.0,595.0,704.0,661.0,492.0,616.0,533.0,540.0,455.0,574.0,607.0,525.0,520.0,635.0,705.0,473.0,540.0,640.0,614.0,550.0,565.0,506.0,455.0,558.0,511.0,645.0,654.0,682.0,511.0,541.0
opp_points,1807.0,2057.0,2140.0,1730.0,1844.0,2038.0,2368.0,1811.0,2334.0,2190.0,1982.0,1964.0,2190.0,2213.0,1831.0,1823.0,2111.0,2244.0,1852.0,2341.0,2188.0,1764.0,2008.0,2151.0,2325.0,1989.0,1838.0,2123.0,1898.0,1969.0,2152.0,1994.0,1746.0,2007.0,2018.0,1964.0,2187.0,2022.0,2097.0,1791.0,2207.0,2043.0,1891.0,2182.0,2447.0,2426.0,2123.0,1940.0,2115.0,1915.0,1948.0,2451.0,1895.0,2039.0,2217.0,1740.0,1983.0,2088.0,1884.0,2157.0,2094.0,2296.0,2035.0,2100.0,1850.0,2080.0,2030.0,2244.0,1972.0,1872.0,2390.0,1889.0,1944.0,1774.0,2231.0,2425.0,1878.0,1894.0,1945.0,1968.0,2057.0,1854.0,2090.0,2245.0,1895.0,2282.0,2152.0,2319.0,2172.0,2234.0,2228.0,2142.0,2210.0,2144.0,2372.0,2015.0,1920.0,2302.0,2063.0,1922.0,1906.0,2237.0,1909.0,2216.0,1847.0,2031.0,1841.0,2316.0,1837.0,1956.0,1857.0,2076.0,1992.0,2210.0,2397.0,2186.0,1962.0,2119.0,1978.0,1868.0,2072.0,2111.0,2121.0,1957.0,1908.0,2100.0,2019.0,1734.0,2328.0,2126.0,1884.0,2261.0,2106.0,2057.0,1930.0,2077.0,2186.0,2135.0,2197.0,1898.0,1827.0,2097.0,2107.0,2177.0,2058.0,2117.0,2021.0,2033.0,2214.0,2294.0,2068.0,2161.0,2035.0,1927.0,2289.0,2292.0,2069.0,2259.0,2140.0,1731.0,2089.0,1934.0,2366.0,1923.0,1766.0,2026.0,2013.0,1905.0,2241.0,2347.0,2260.0,2262.0,1984.0,2188.0,1801.0,2086.0,2198.0,2032.0,2388.0,2010.0,2061.0,1847.0,2211.0,2070.0,2055.0,2059.0,2001.0,2328.0,2087.0,1789.0,2131.0,1886.0,2105.0,2380.0,1944.0,2301.0,1712.0,2083.0,2219.0,2259.0,1139.0,2033.0,2324.0,1795.0,1727.0,2097.0,1808.0,2282.0,2278.0,2342.0,2080.0,1972.0,2170.0,2449.0,1884.0,2000.0,2360.0,1823.0,1868.0,1935.0,2049.0,2193.0,1989.0,2072.0,2119.0,2055.0,1867.0,1501.0,2453.0,2010.0,2088.0,2104.0,2324.0,2273.0,2152.0,2192.0,2211.0,2131.0,1830.0,2220.0,1985.0,2167.0,1870.0,1884.0,1856.0,1864.0,2050.0,1942.0,1966.0,2032.0,1603.0,2055.0,1772.0,2366.0,1374.0,2251.0,1568.0,2311.0,1995.0,2148.0,2139.0,929.0,2002.0,1989.0,2026.0,1966.0,2135.0,2128.0,2041.0,2223.0,2120.0,1911.0,1939.0,1911.0,2135.0,1987.0,1788.0,2479.0,2034.0,1950.0,2092.0,2388.0,2168.0,2101.0,2160.0,2123.0,2046.0,2492.0,2055.0,2111.0,2399.0,2309.0,1996.0,2033.0,1598.0,2354.0,2174.0,2372.0,2134.0,1784.0,2098.0,2088.0,2058.0,2112.0,2153.0,2202.0,2138.0,2673.0,1991.0,2095.0,2021.0,2095.0,2031.0,2061.0,1664.0,2229.0,2091.0,1928.0,2033.0,2079.0,2211.0,2029.0,2213.0,2407.0,2122.0,1832.0,2075.0,2004.0,1908.0,2049.0,2109.0,2297.0,1761.0,1928.0,2095.0,2045.0,2049.0,1981.0,1853.0,1949.0,1829.0,2029.0,1897.0,2249.0,1997.0,1721.0,1948.0
opp_stl,183.0,256.0,218.0,207.0,192.0,230.0,220.0,187.0,265.0,170.0,196.0,162.0,294.0,187.0,151.0,203.0,208.0,213.0,194.0,172.0,241.0,184.0,192.0,175.0,226.0,205.0,196.0,202.0,200.0,204.0,187.0,208.0,171.0,164.0,198.0,171.0,162.0,241.0,251.0,154.0,216.0,213.0,163.0,175.0,243.0,231.0,192.0,203.0,238.0,192.0,256.0,217.0,212.0,184.0,173.0,216.0,204.0,172.0,179.0,195.0,152.0,176.0,216.0,194.0,184.0,173.0,164.0,196.0,197.0,184.0,214.0,203.0,194.0,178.0,192.0,194.0,162.0,156.0,226.0,185.0,161.0,176.0,193.0,213.0,167.0,232.0,207.0,175.0,258.0,208.0,211.0,200.0,241.0,175.0,265.0,194.0,194.0,200.0,185.0,188.0,209.0,292.0,175.0,269.0,165.0,199.0,184.0,198.0,161.0,220.0,240.0,219.0,265.0,145.0,228.0,243.0,172.0,213.0,176.0,188.0,212.0,264.0,214.0,243.0,171.0,206.0,191.0,145.0,251.0,238.0,155.0,230.0,227.0,182.0,209.0,188.0,260.0,213.0,221.0,179.0,178.0,178.0,203.0,208.0,165.0,188.0,217.0,222.0,193.0,192.0,214.0,200.0,202.0,181.0,247.0,197.0,188.0,193.0,193.0,196.0,257.0,192.0,247.0,187.0,184.0,165.0,183.0,236.0,187.0,229.0,220.0,219.0,203.0,233.0,160.0,195.0,217.0,220.0,215.0,177.0,162.0,185.0,220.0,191.0,221.0,181.0,256.0,246.0,255.0,155.0,177.0,166.0,161.0,181.0,180.0,229.0,145.0,265.0,193.0,230.0,107.0,223.0,199.0,192.0,180.0,161.0,176.0,276.0,167.0,192.0,237.0,182.0,202.0,182.0,211.0,200.0,212.0,175.0,179.0,183.0,182.0,234.0,167.0,220.0,211.0,179.0,237.0,171.0,230.0,180.0,223.0,244.0,190.0,223.0,186.0,202.0,227.0,234.0,199.0,203.0,199.0,243.0,166.0,209.0,192.0,183.0,147.0,190.0,217.0,231.0,206.0,260.0,170.0,228.0,127.0,181.0,155.0,225.0,192.0,230.0,195.0,95.0,199.0,128.0,262.0,189.0,228.0,211.0,225.0,249.0,212.0,166.0,165.0,227.0,205.0,190.0,164.0,279.0,244.0,189.0,217.0,199.0,203.0,230.0,204.0,181.0,174.0,252.0,177.0,248.0,243.0,176.0,206.0,235.0,154.0,236.0,200.0,234.0,163.0,152.0,222.0,168.0,176.0,187.0,141.0,250.0,229.0,235.0,163.0,216.0,193.0,177.0,216.0,190.0,159.0,153.0,181.0,225.0,222.0,239.0,206.0,183.0,196.0,187.0,194.0,159.0,194.0,187.0,208.0,222.0,230.0,228.0,185.0,175.0,211.0,185.0,173.0,224.0,214.0,199.0,133.0,170.0,168.0,205.0,221.0,204.0,197.0
opp_to,336.0,599.0,422.0,439.0,375.0,384.0,428.0,397.0,370.0,380.0,400.0,434.0,525.0,455.0,372.0,530.0,523.0,411.0,368.0,453.0,505.0,452.0,441.0,394.0,414.0,407.0,368.0,480.0,292.0,376.0,349.0,475.0,391.0,430.0,477.0,364.0,401.0,455.0,410.0,300.0,492.0,397.0,281.0,475.0,450.0,525.0,406.0,359.0,535.0,506.0,384.0,469.0,359.0,432.0,408.0,425.0,373.0,492.0,397.0,537.0,405.0,463.0,499.0,340.0,378.0,543.0,487.0,417.0,370.0,408.0,426.0,407.0,405.0,333.0,560.0,529.0,338.0,399.0,403.0,364.0,262.0,303.0,384.0,532.0,429.0,434.0,413.0,350.0,457.0,508.0,477.0,390.0,525.0,410.0,460.0,359.0,346.0,404.0,377.0,413.0,433.0,473.0,391.0,503.0,458.0,356.0,538.0,473.0,378.0,423.0,371.0,425.0,487.0,490.0,409.0,424.0,412.0,380.0,389.0,452.0,432.0,422.0,388.0,487.0,355.0,344.0,360.0,365.0,512.0,501.0,347.0,438.0,440.0,531.0,418.0,521.0,488.0,401.0,466.0,344.0,387.0,427.0,398.0,413.0,402.0,538.0,435.0,541.0,437.0,433.0,440.0,435.0,370.0,428.0,420.0,510.0,405.0,516.0,388.0,324.0,400.0,534.0,406.0,364.0,404.0,439.0,444.0,466.0,375.0,458.0,642.0,414.0,412.0,401.0,312.0,353.0,396.0,499.0,503.0,473.0,448.0,407.0,429.0,392.0,453.0,442.0,489.0,481.0,336.0,519.0,429.0,352.0,472.0,468.0,419.0,561.0,455.0,446.0,505.0,487.0,172.0,385.0,387.0,420.0,325.0,352.0,449.0,465.0,335.0,408.0,483.0,421.0,404.0,504.0,409.0,427.0,459.0,360.0,373.0,407.0,389.0,406.0,410.0,429.0,455.0,472.0,394.0,309.0,470.0,514.0,421.0,359.0,486.0,380.0,478.0,440.0,548.0,379.0,352.0,354.0,425.0,467.0,382.0,409.0,433.0,455.0,367.0,362.0,482.0,373.0,420.0,383.0,347.0,336.0,340.0,460.0,383.0,555.0,354.0,346.0,585.0,121.0,351.0,351.0,381.0,382.0,423.0,426.0,372.0,467.0,406.0,361.0,367.0,474.0,469.0,419.0,450.0,487.0,458.0,422.0,392.0,501.0,378.0,458.0,454.0,400.0,446.0,419.0,457.0,427.0,441.0,417.0,456.0,369.0,325.0,491.0,466.0,419.0,365.0,401.0,418.0,529.0,414.0,380.0,362.0,400.0,350.0,457.0,492.0,427.0,374.0,486.0,332.0,351.0,281.0,463.0,482.0,416.0,390.0,502.0,511.0,392.0,407.0,627.0,477.0,334.0,411.0,376.0,469.0,452.0,481.0,494.0,337.0,396.0,532.0,464.0,345.0,425.0,367.0,380.0,355.0,366.0,494.0,325.0,410.0,401.0,351.0
or,201.0,399.0,421.0,295.0,331.0,425.0,276.0,295.0,392.0,355.0,278.0,335.0,446.0,381.0,324.0,237.0,377.0,323.0,333.0,362.0,372.0,369.0,336.0,290.0,472.0,345.0,343.0,352.0,235.0,264.0,319.0,443.0,299.0,285.0,362.0,295.0,319.0,359.0,390.0,280.0,293.0,332.0,312.0,396.0,395.0,442.0,457.0,301.0,441.0,370.0,340.0,398.0,273.0,195.0,325.0,306.0,441.0,327.0,297.0,323.0,367.0,360.0,374.0,248.0,296.0,426.0,454.0,329.0,321.0,145.0,426.0,301.0,276.0,445.0,453.0,365.0,282.0,274.0,337.0,303.0,283.0,174.0,284.0,365.0,284.0,345.0,372.0,357.0,329.0,368.0,306.0,344.0,395.0,302.0,350.0,289.0,318.0,343.0,355.0,375.0,304.0,404.0,314.0,404.0,311.0,287.0,412.0,273.0,215.0,393.0,351.0,477.0,436.0,409.0,322.0,283.0,272.0,292.0,378.0,315.0,370.0,307.0,299.0,332.0,250.0,249.0,242.0,249.0,420.0,443.0,338.0,326.0,387.0,502.0,340.0,379.0,358.0,404.0,311.0,296.0,353.0,304.0,372.0,317.0,399.0,321.0,364.0,415.0,372.0,420.0,409.0,450.0,310.0,382.0,318.0,399.0,332.0,437.0,299.0,335.0,446.0,463.0,428.0,417.0,291.0,303.0,447.0,370.0,399.0,381.0,443.0,353.0,340.0,324.0,241.0,361.0,434.0,468.0,408.0,383.0,380.0,364.0,295.0,323.0,371.0,309.0,369.0,311.0,340.0,219.0,384.0,365.0,322.0,352.0,282.0,520.0,218.0,330.0,379.0,471.0,121.0,285.0,393.0,302.0,226.0,286.0,255.0,443.0,401.0,374.0,297.0,257.0,388.0,333.0,430.0,376.0,376.0,230.0,299.0,283.0,350.0,376.0,458.0,332.0,366.0,375.0,274.0,201.0,437.0,329.0,467.0,359.0,418.0,292.0,303.0,355.0,345.0,382.0,336.0,358.0,305.0,324.0,335.0,181.0,272.0,381.0,277.0,344.0,316.0,308.0,264.0,331.0,268.0,300.0,244.0,367.0,244.0,402.0,347.0,388.0,399.0,117.0,385.0,304.0,374.0,258.0,363.0,307.0,279.0,454.0,329.0,298.0,424.0,363.0,334.0,377.0,333.0,433.0,404.0,276.0,367.0,474.0,336.0,357.0,469.0,403.0,350.0,323.0,398.0,331.0,418.0,327.0,337.0,361.0,215.0,332.0,320.0,259.0,282.0,319.0,351.0,379.0,333.0,340.0,302.0,310.0,375.0,327.0,319.0,386.0,290.0,325.0,248.0,349.0,236.0,397.0,352.0,305.0,334.0,332.0,403.0,360.0,385.0,328.0,404.0,245.0,395.0,328.0,333.0,304.0,380.0,499.0,259.0,203.0,517.0,336.0,374.0,371.0,315.0,340.0,305.0,363.0,318.0,248.0,386.0,274.0,344.0
pf,516.0,701.0,520.0,488.0,511.0,626.0,545.0,556.0,606.0,500.0,525.0,608.0,703.0,515.0,478.0,578.0,609.0,562.0,572.0,624.0,592.0,585.0,606.0,549.0,593.0,512.0,517.0,594.0,425.0,514.0,601.0,591.0,536.0,578.0,696.0,429.0,538.0,573.0,637.0,477.0,680.0,440.0,462.0,576.0,578.0,630.0,585.0,517.0,557.0,588.0,457.0,547.0,508.0,560.0,583.0,525.0,400.0,503.0,526.0,627.0,532.0,570.0,637.0,522.0,541.0,644.0,627.0,581.0,482.0,645.0,501.0,604.0,487.0,576.0,613.0,567.0,493.0,462.0,506.0,556.0,472.0,473.0,535.0,586.0,578.0,517.0,569.0,594.0,614.0,532.0,589.0,590.0,640.0,545.0,569.0,566.0,541.0,577.0,544.0,503.0,534.0,535.0,532.0,608.0,484.0,506.0,541.0,682.0,470.0,564.0,478.0,654.0,632.0,560.0,608.0,551.0,552.0,607.0,503.0,497.0,580.0,581.0,576.0,614.0,537.0,505.0,544.0,411.0,639.0,626.0,485.0,574.0,617.0,656.0,489.0,637.0,588.0,527.0,586.0,503.0,528.0,495.0,565.0,561.0,545.0,595.0,566.0,566.0,539.0,670.0,551.0,571.0,498.0,569.0,673.0,589.0,581.0,547.0,492.0,453.0,590.0,594.0,599.0,483.0,513.0,489.0,609.0,548.0,580.0,570.0,676.0,629.0,617.0,572.0,507.0,545.0,615.0,627.0,713.0,559.0,635.0,534.0,611.0,485.0,593.0,620.0,535.0,586.0,480.0,525.0,620.0,598.0,666.0,592.0,518.0,623.0,568.0,635.0,628.0,492.0,274.0,578.0,655.0,520.0,432.0,598.0,533.0,631.0,481.0,548.0,645.0,479.0,557.0,704.0,472.0,576.0,640.0,447.0,524.0,600.0,490.0,540.0,510.0,629.0,517.0,565.0,514.0,510.0,521.0,590.0,569.0,536.0,552.0,587.0,629.0,584.0,676.0,562.0,461.0,560.0,640.0,546.0,583.0,459.0,560.0,532.0,531.0,458.0,575.0,564.0,488.0,500.0,521.0,495.0,367.0,620.0,497.0,487.0,516.0,553.0,556.0,190.0,550.0,546.0,485.0,546.0,630.0,627.0,566.0,592.0,537.0,516.0,486.0,595.0,516.0,533.0,560.0,533.0,579.0,556.0,565.0,627.0,571.0,597.0,633.0,548.0,690.0,685.0,542.0,571.0,611.0,493.0,574.0,614.0,425.0,699.0,548.0,618.0,567.0,503.0,593.0,557.0,591.0,574.0,511.0,495.0,549.0,575.0,532.0,541.0,546.0,546.0,595.0,508.0,472.0,704.0,637.0,610.0,549.0,592.0,626.0,530.0,588.0,526.0,661.0,502.0,543.0,640.0,557.0,529.0,563.0,642.0,480.0,571.0,639.0,591.0,554.0,581.0,492.0,529.0,490.0,457.0,611.0,517.0,596.0,510.0,551.0
points,1665.0,2258.0,2185.0,1536.0,2015.0,1984.0,1940.0,1998.0,2244.0,2310.0,2295.0,2059.0,1943.0,2238.0,1800.0,1741.0,2312.0,2235.0,1795.0,2486.0,2374.0,1704.0,2097.0,2153.0,2473.0,2058.0,1893.0,2137.0,1712.0,1670.0,1928.0,2082.0,2010.0,2393.0,1928.0,1822.0,2401.0,1994.0,1949.0,1513.0,1993.0,1943.0,1697.0,2130.0,2400.0,2485.0,2187.0,1988.0,2448.0,2079.0,1823.0,2616.0,1701.0,1886.0,2066.0,1689.0,2397.0,1949.0,2123.0,2429.0,1875.0,2239.0,2139.0,1652.0,1654.0,2479.0,2228.0,2174.0,1712.0,1884.0,2123.0,1636.0,1986.0,1788.0,2653.0,2575.0,1774.0,1990.0,1648.0,1815.0,1942.0,1489.0,1877.0,2499.0,1930.0,1909.0,2093.0,2079.0,1955.0,2554.0,1899.0,1950.0,2333.0,1718.0,2299.0,1695.0,1853.0,2018.0,1975.0,2116.0,2076.0,2077.0,1780.0,2208.0,2364.0,1668.0,1782.0,1998.0,1796.0,1921.0,1668.0,2060.0,2067.0,2456.0,1974.0,1900.0,1957.0,2014.0,2007.0,2132.0,2335.0,1781.0,1953.0,1930.0,1927.0,2078.0,1891.0,1723.0,2307.0,2301.0,1795.0,2340.0,2468.0,2339.0,1620.0,2176.0,2467.0,2207.0,1959.0,1789.0,1854.0,2141.0,2249.0,2138.0,2119.0,2003.0,2031.0,2440.0,1726.0,2147.0,1947.0,2472.0,1854.0,1931.0,2111.0,2602.0,1994.0,2358.0,2056.0,1681.0,1757.0,2518.0,2303.0,2091.0,1847.0,2139.0,2301.0,2051.0,2254.0,2517.0,2758.0,2008.0,1887.0,1925.0,1830.0,1975.0,2219.0,2209.0,2029.0,2183.0,2160.0,1959.0,2191.0,2374.0,1914.0,2129.0,1896.0,1744.0,2189.0,1928.0,2228.0,1775.0,2359.0,2443.0,1786.0,2603.0,1766.0,1545.0,2119.0,2771.0,976.0,1627.0,2385.0,1871.0,1620.0,2234.0,1908.0,1924.0,2451.0,2456.0,2075.0,2134.0,2534.0,2677.0,2049.0,2112.0,2088.0,1714.0,1988.0,1835.0,2178.0,1806.0,2409.0,2173.0,2285.0,1978.0,1729.0,1497.0,2511.0,2358.0,2058.0,2169.0,2556.0,2040.0,2219.0,2239.0,2405.0,2021.0,1819.0,2119.0,1900.0,2277.0,1948.0,1827.0,1812.0,2090.0,1876.0,1863.0,1966.0,2029.0,1392.0,1812.0,1740.0,1946.0,1427.0,2284.0,1734.0,2563.0,1845.0,2213.0,2362.0,950.0,1830.0,1923.0,1826.0,1867.0,2103.0,1970.0,1771.0,2173.0,2184.0,1929.0,2183.0,1780.0,2260.0,1850.0,1856.0,2753.0,2001.0,1898.0,2276.0,2590.0,1991.0,2046.0,2387.0,2295.0,2021.0,2396.0,2223.0,1816.0,2213.0,2329.0,1930.0,2215.0,1428.0,2063.0,2397.0,2338.0,2028.0,1744.0,2112.0,2508.0,1914.0,1864.0,2011.0,2011.0,1798.0,2280.0,2140.0,2256.0,2084.0,2090.0,2271.0,2406.0,1810.0,2341.0,2376.0,1735.0,2185.0,2387.0,2526.0,1960.0,2288.0,2525.0,2063.0,1626.0,2235.0,1918.0,1588.0,2021.0,2441.0,2605.0,1897.0,2049.0,2461.0,2269.0,2021.0,1998.0,1761.0,1766.0,1996.0,1983.0,1995.0,2204.0,2316.0,1686.0,1804.0
possesions,1686.0000000000002,2181.4,2079.6,1686.6000000000001,1893.4000000000003,1998.0000000000002,2095.0,1870.6000000000004,2124.3999999999996,2033.9999999999998,1979.5999999999997,2005.1999999999998,2186.6,2130.6,1830.2,1934.2000000000003,2199.1999999999994,2036.4000000000003,1886.5999999999997,2223.2,2168.4,1840.2000000000005,1993.3999999999999,2070.8,2202.6,1940.2000000000003,1860.4000000000005,2044.5999999999995,1787.2000000000003,1785.0,2083.2,2070.0,1829.4000000000003,2076.7999999999997,1959.0,1817.8,2100.6,1975.6,2103.2000000000003,1615.3999999999999,2073.6,1914.2,1703.2000000000003,2082.4,2240.6,2247.9999999999995,2073.2000000000003,1867.4000000000003,2152.8000000000006,2019.1999999999994,1834.9999999999995,2323.6,1856.4000000000003,1896.1999999999998,1991.9999999999998,1784.5999999999995,2083.9999999999995,1988.8000000000002,1898.4,2190.8,1893.8000000000002,2106.7999999999997,2052.2,1807.7999999999997,1768.6,2224.7999999999993,2135.8,2134.2000000000003,1800.6000000000004,1793.6,2151.6000000000004,1832.7999999999995,1904.6000000000004,1811.7999999999997,2313.2000000000003,2289.7999999999997,1742.9999999999993,1719.7999999999997,1867.8,1844.5999999999997,1756.0,1646.2000000000003,1911.8,2293.6,1889.9999999999998,2053.9999999999995,2065.8,2046.7999999999995,2084.5999999999995,2236.6,2075.6,1999.6000000000004,2266.4,1875.1999999999998,2240.6000000000004,1795.4,1805.4,2006.0,1900.0000000000002,1994.8000000000002,1928.8000000000002,2216.4,1839.7999999999997,2252.0,2029.8,1828.2,1993.8000000000004,2138.6000000000004,1721.4,1916.4,1782.1999999999998,2072.0,2057.2000000000003,2211.9999999999995,2070.0000000000005,2047.1999999999996,1855.8000000000002,1942.3999999999996,1935.1999999999998,2059.7999999999997,2117.3999999999996,1926.5999999999997,1956.5999999999997,1988.3999999999999,1818.3999999999999,2067.3999999999996,1859.2,1632.0,2271.0,2080.2,1720.6,2193.6,2179.8,2109.4,1782.2,2111.5999999999995,2294.6,2086.7999999999997,2044.8,1756.6000000000001,1922.9999999999998,1960.2,2081.8,2034.6000000000004,2007.4000000000003,2013.3999999999992,1997.0000000000005,2249.4,1989.4,2124.2000000000003,1964.6,2208.2,1887.9999999999998,1958.1999999999998,2268.6,2248.7999999999993,1878.0,2256.2000000000003,2006.0000000000002,1761.8,1902.5999999999997,2272.1999999999994,2173.2,1897.9999999999998,1834.2,2007.4,2085.3999999999996,1957.9999999999998,2090.0,2358.7999999999997,2407.0,2036.9999999999998,1906.8,2001.8000000000004,1701.8,1937.8,2100.2,2127.6,2174.8,2062.7999999999997,1998.8,1832.4,2049.6000000000004,2026.3999999999999,1964.4,2113.4,2022.6000000000001,2060.8,1967.0,1869.7999999999997,2098.2,1826.0,2104.6,2215.0,1879.2,2356.8,1699.7999999999995,2035.4,2139.2000000000003,2298.6,966.9999999999998,1869.8,2137.2000000000007,1780.3999999999999,1573.4000000000003,2017.8,1776.8000000000002,2076.2,2171.0,2146.6,2051.6,1958.3999999999996,2170.8000000000006,2343.8,1912.6,2017.2000000000007,2099.6000000000004,1711.6,1799.1999999999998,1872.3999999999996,2010.0000000000002,2021.9999999999998,2034.5999999999997,2005.6000000000001,2059.8,2020.1999999999998,1850.7999999999997,1514.4000000000003,2288.2,2209.3999999999996,1997.6000000000001,2063.8000000000006,2233.6,2048.1999999999994,2071.0000000000005,2124.6000000000004,2245.0000000000005,2085.8,1841.8,2000.4000000000003,1907.6000000000001,2125.0000000000005,1776.4,1764.8000000000002,1858.8,1924.3999999999999,1821.2,1834.2000000000005,1939.7999999999997,2015.2000000000003,1597.7999999999997,1954.2,1721.0,2017.3999999999996,1335.8000000000002,2142.8,1742.2000000000003,2337.3999999999996,1857.4,2043.7999999999997,2191.2000000000003,862.2,1896.0,1827.2,1937.8000000000002,1792.2,2109.7999999999997,2017.2,1835.1999999999998,2167.8000000000006,2098.8,1894.7999999999997,1939.4000000000003,1894.6,2063.3999999999996,1934.6,1865.7999999999997,2456.7999999999997,2030.8,1896.0,2119.0,2316.4000000000005,1930.4000000000003,1998.3999999999999,2201.2,2052.0,1938.4,2289.2000000000003,1998.3999999999999,1996.6,2221.3999999999996,2091.7999999999997,1954.6000000000001,2103.6,1501.4,2175.0,2191.4,2177.8,1943.6000000000004,1741.6,1988.2000000000003,2129.8,1931.4000000000003,1930.8,1963.5999999999997,1973.9999999999995,1876.0000000000005,2308.0000000000005,2027.8,2105.2000000000003,1881.5999999999995,2011.2,2053.7999999999997,2003.3999999999999,1628.0000000000002,2202.6000000000004,2161.6,1829.5999999999997,2061.6000000000004,2161.0,2235.4,1952.2,2145.8,2262.0,1966.6000000000001,1646.8000000000002,2006.0,1953.3999999999999,1884.1999999999998,1987.9999999999998,2207.8,2354.6,1872.8000000000002,1906.0,2196.8,1983.4000000000003,1976.0000000000002,1960.8000000000002,1820.8000000000004,1876.4,1806.5999999999997,1803.1999999999998,2000.8000000000002,2050.2,2094.8,1747.4,1823.1999999999996
seed,,13.0,,,16.0,,,14.0,,12.0,6.0,,,,,,,,,,,,15.0,,7.0,,,,,,,,9.0,8.0,,,7.0,,,,,,,,16.0,,,,7.0,13.0,,,,,,,1.0,,14.0,,,,15.0,,,,11.0,,,,,,,,2.0,,,,,,,,,16.0,,,,,,,,,5.0,,,,,,,,,,,,4.0,,,,,,,,,,,,,,,5.0,,,,,,,,,,,,,3.0,,,,,,,,,,,,,,,1.0,,,,8.0,,,,6.0,,10.0,,,,2.0,,,,10.0,2.0,10.0,,13.0,3.0,,,,,,16.0,15.0,,,,,,14.0,,,,,,,,,,,,,,,,1.0,0.0,,,,,12.0,,,,,,8.0,2.0,8.0,,,,,,,,,1.0,,13.0,,,,,5.0,,16.0,,,,,15.0,,,,,,,,,,,,,,,,,,0.0,,14.0,9.0,,,,0.0,,,,,,,,,,,,,,,,3.0,,,11.0,9.0,,,7.0,9.0,,,,,,,,,,,,,,,,6.0,,,,,,,,10.0,,,5.0,11.0,,,11.0,,,,3.0,,,,,,12.0,,,,4.0,4.0,,,6.0,,,,,,12.0,,,,4.0,,
stl,147.0,260.0,210.0,193.0,167.0,160.0,235.0,168.0,181.0,191.0,195.0,171.0,271.0,227.0,182.0,224.0,287.0,188.0,158.0,225.0,249.0,197.0,212.0,189.0,203.0,202.0,201.0,244.0,129.0,172.0,145.0,206.0,180.0,219.0,244.0,165.0,157.0,227.0,160.0,130.0,276.0,184.0,144.0,200.0,191.0,287.0,183.0,156.0,290.0,275.0,172.0,235.0,135.0,183.0,175.0,185.0,180.0,247.0,196.0,271.0,158.0,205.0,256.0,129.0,176.0,248.0,209.0,180.0,156.0,160.0,223.0,187.0,198.0,142.0,289.0,253.0,135.0,209.0,177.0,168.0,139.0,139.0,193.0,268.0,164.0,175.0,205.0,143.0,224.0,278.0,215.0,163.0,278.0,174.0,223.0,148.0,166.0,196.0,194.0,195.0,239.0,233.0,208.0,256.0,225.0,139.0,259.0,216.0,192.0,172.0,186.0,204.0,271.0,260.0,215.0,148.0,197.0,172.0,184.0,190.0,234.0,183.0,159.0,205.0,152.0,127.0,134.0,181.0,240.0,252.0,162.0,203.0,219.0,217.0,213.0,249.0,225.0,210.0,189.0,155.0,175.0,189.0,219.0,213.0,185.0,257.0,173.0,306.0,197.0,214.0,213.0,251.0,205.0,224.0,188.0,267.0,173.0,255.0,195.0,148.0,150.0,300.0,177.0,172.0,178.0,206.0,205.0,259.0,173.0,235.0,359.0,208.0,162.0,173.0,122.0,157.0,205.0,214.0,239.0,221.0,178.0,203.0,214.0,210.0,230.0,199.0,220.0,258.0,168.0,254.0,211.0,153.0,208.0,231.0,176.0,339.0,233.0,225.0,269.0,257.0,83.0,186.0,159.0,221.0,174.0,140.0,220.0,235.0,171.0,190.0,222.0,189.0,222.0,253.0,222.0,211.0,243.0,201.0,181.0,191.0,171.0,200.0,221.0,175.0,234.0,218.0,203.0,152.0,252.0,246.0,205.0,178.0,242.0,153.0,240.0,221.0,293.0,191.0,157.0,138.0,181.0,240.0,194.0,199.0,165.0,250.0,142.0,156.0,207.0,175.0,209.0,183.0,162.0,159.0,208.0,264.0,153.0,292.0,170.0,149.0,279.0,69.0,162.0,135.0,157.0,169.0,191.0,176.0,177.0,241.0,207.0,151.0,201.0,242.0,208.0,198.0,241.0,260.0,246.0,168.0,184.0,221.0,180.0,236.0,206.0,159.0,187.0,167.0,219.0,206.0,246.0,226.0,227.0,179.0,119.0,240.0,219.0,196.0,153.0,189.0,202.0,276.0,174.0,169.0,155.0,218.0,154.0,208.0,224.0,207.0,183.0,243.0,161.0,162.0,107.0,205.0,252.0,205.0,174.0,242.0,263.0,179.0,205.0,368.0,261.0,156.0,175.0,167.0,215.0,211.0,254.0,250.0,121.0,171.0,231.0,217.0,148.0,208.0,164.0,183.0,154.0,171.0,200.0,143.0,172.0,179.0,139.0
to,393.0,467.0,444.0,389.0,399.0,474.0,422.0,410.0,531.0,403.0,380.0,466.0,605.0,419.0,381.0,459.0,420.0,403.0,406.0,424.0,444.0,428.0,398.0,441.0,442.0,408.0,392.0,463.0,403.0,388.0,425.0,453.0,377.0,354.0,447.0,327.0,385.0,461.0,509.0,349.0,425.0,429.0,344.0,406.0,493.0,459.0,436.0,381.0,445.0,399.0,443.0,431.0,441.0,428.0,405.0,394.0,393.0,390.0,379.0,407.0,382.0,407.0,510.0,420.0,377.0,389.0,455.0,416.0,455.0,406.0,414.0,493.0,398.0,367.0,419.0,452.0,366.0,319.0,477.0,370.0,326.0,367.0,404.0,448.0,384.0,511.0,429.0,392.0,526.0,398.0,432.0,461.0,533.0,350.0,491.0,395.0,411.0,426.0,397.0,383.0,438.0,556.0,375.0,522.0,343.0,430.0,520.0,460.0,384.0,477.0,441.0,476.0,509.0,314.0,456.0,497.0,375.0,406.0,392.0,408.0,422.0,531.0,438.0,487.0,401.0,388.0,377.0,332.0,520.0,448.0,358.0,473.0,467.0,432.0,398.0,417.0,574.0,444.0,505.0,358.0,390.0,380.0,493.0,429.0,396.0,395.0,489.0,451.0,456.0,432.0,406.0,399.0,434.0,414.0,513.0,387.0,378.0,412.0,409.0,427.0,492.0,423.0,491.0,382.0,404.0,361.0,449.0,449.0,409.0,479.0,420.0,406.0,407.0,465.0,320.0,403.0,493.0,432.0,490.0,417.0,368.0,382.0,479.0,351.0,469.0,418.0,529.0,504.0,435.0,346.0,378.0,384.0,396.0,428.0,433.0,447.0,397.0,567.0,485.0,403.0,214.0,443.0,396.0,378.0,361.0,383.0,335.0,531.0,307.0,417.0,459.0,419.0,439.0,410.0,391.0,427.0,459.0,383.0,371.0,399.0,358.0,478.0,375.0,441.0,422.0,449.0,483.0,347.0,464.0,396.0,448.0,479.0,422.0,425.0,380.0,434.0,524.0,495.0,475.0,404.0,444.0,493.0,384.0,392.0,394.0,398.0,368.0,407.0,463.0,519.0,431.0,468.0,357.0,446.0,250.0,379.0,322.0,431.0,435.0,444.0,403.0,171.0,389.0,291.0,499.0,426.0,511.0,475.0,463.0,481.0,429.0,392.0,377.0,459.0,397.0,404.0,382.0,516.0,513.0,409.0,417.0,441.0,439.0,447.0,413.0,411.0,425.0,460.0,371.0,534.0,441.0,375.0,412.0,470.0,353.0,566.0,377.0,456.0,358.0,388.0,429.0,408.0,403.0,446.0,304.0,453.0,431.0,452.0,368.0,463.0,368.0,392.0,436.0,376.0,332.0,398.0,419.0,440.0,466.0,454.0,441.0,413.0,439.0,374.0,423.0,362.0,415.0,412.0,485.0,451.0,474.0,491.0,363.0,420.0,409.0,390.0,385.0,452.0,413.0,393.0,314.0,389.0,408.0,431.0,480.0,421.0,380.0
